Position  
0.0000000e+00 3.4496458e+00 
0.0000000e+00 3.4496458e+00 
9.9999997e-10 3.4496458e+00 
5.0000008e-03 3.4505568e+00 
1.0000001e-02 3.4519024e+00 
1.5000001e-02 3.4536827e+00 
2.0000001e-02 3.4558966e+00 
2.5000000e-02 3.4585435e+00 
3.0000001e-02 3.4616225e+00 
3.5000000e-02 3.4651318e+00 
4.0000003e-02 3.4690709e+00 
4.5000002e-02 3.4734380e+00 
5.0000001e-02 3.4782314e+00 
5.5000000e-02 3.4834495e+00 
6.0000002e-02 3.4890904e+00 
6.4999998e-02 3.4951518e+00 
7.0000000e-02 3.5016317e+00 
7.5000003e-02 3.5085278e+00 
7.9999998e-02 3.5158377e+00 
8.5000001e-02 3.5235589e+00 
9.0000004e-02 3.5316885e+00 
9.4999999e-02 3.5402234e+00 
1.0000000e-01 3.5491612e+00 
1.0500000e-01 3.5584989e+00 
1.1000000e-01 3.5682328e+00 
1.1500000e-01 3.5783601e+00 
1.2000000e-01 3.5888777e+00 
1.2500000e-01 3.5997815e+00 
1.3000000e-01 3.6110685e+00 
1.3500001e-01 3.6227350e+00 
1.4000000e-01 3.6347771e+00 
1.4500000e-01 3.6471915e+00 
1.5000001e-01 3.6599743e+00 
1.5500000e-01 3.6731215e+00 
1.6000000e-01 3.6866293e+00 
1.6500001e-01 3.7004936e+00 
1.7000000e-01 3.7147105e+00 
1.7500000e-01 3.7292762e+00 
1.8000001e-01 3.7441862e+00 
1.8500000e-01 3.7594368e+00 
1.9000000e-01 3.7750237e+00 
1.9500001e-01 3.7909424e+00 
2.0000000e-01 3.8071895e+00 
2.0500000e-01 3.8237603e+00 
2.1000001e-01 3.8406506e+00 
2.1500000e-01 3.8578565e+00 
2.2000000e-01 3.8753736e+00 
2.2499999e-01 3.8931975e+00 
2.3000000e-01 3.9113243e+00 
2.3500000e-01 3.9297500e+00 
2.3999999e-01 3.9484701e+00 
2.4500000e-01 3.9674802e+00 
2.5000000e-01 3.9867764e+00 
2.5500000e-01 4.0063553e+00 
2.5999999e-01 4.0262108e+00 
2.5999999e-01 4.0262108e+00 
2.6249999e-01 4.0362420e+00 
2.6249999e-01 4.0362420e+00 
2.6750001e-01 4.0565071e+00 
2.7250001e-01 4.0770407e+00 
2.7750000e-01 4.0978374e+00 
2.8250000e-01 4.1188936e+00 
2.8749999e-01 4.1402063e+00 
2.9249999e-01 4.1617699e+00 
2.9750001e-01 4.1835814e+00 
3.0250001e-01 4.2056375e+00 
3.0750000e-01 4.2279334e+00 
3.1250000e-01 4.2504663e+00 
3.1750000e-01 4.2732315e+00 
3.2249999e-01 4.2962260e+00 
3.2750002e-01 4.3194451e+00 
3.3250001e-01 4.3428864e+00 
3.3750001e-01 4.3665462e+00 
3.4250000e-01 4.3904204e+00 
3.4750000e-01 4.4145055e+00 
3.5249999e-01 4.4387984e+00 
3.5749999e-01 4.4632959e+00 
3.6250001e-01 4.4879942e+00 
3.6750001e-01 4.5128903e+00 
3.7250000e-01 4.5379806e+00 
3.7750000e-01 4.5632620e+00 
3.8249999e-01 4.5887318e+00 
3.8749999e-01 4.6143861e+00 
3.9250001e-01 4.6402225e+00 
3.9750001e-01 4.6662383e+00 
4.0250000e-01 4.6924291e+00 
4.0750000e-01 4.7187929e+00 
4.1249999e-01 4.7453275e+00 
4.1749999e-01 4.7720289e+00 
4.2250001e-01 4.7988949e+00 
4.2750001e-01 4.8259220e+00 
4.3250000e-01 4.8531089e+00 
4.3750000e-01 4.8804517e+00 
4.4250000e-01 4.9079485e+00 
4.4749999e-01 4.9355960e+00 
4.5250002e-01 4.9633923e+00 
4.5750001e-01 4.9913349e+00 
4.6250001e-01 5.0194211e+00 
4.6750000e-01 5.0476489e+00 
4.7250000e-01 5.0760155e+00 
4.7749999e-01 5.1045184e+00 
4.8249999e-01 5.1331558e+00 
4.8750001e-01 5.1619253e+00 
4.9250001e-01 5.1908245e+00 
4.9750000e-01 5.2198520e+00 
5.0250000e-01 5.2490048e+00 
5.0749999e-01 5.2782812e+00 
5.1249999e-01 5.3076797e+00 
5.1749998e-01 5.3371968e+00 
5.2249998e-01 5.3668318e+00 
5.2749997e-01 5.3965826e+00 
5.3250003e-01 5.4264469e+00 
5.3750002e-01 5.4564228e+00 
5.4250002e-01 5.4865088e+00 
5.4750001e-01 5.5167031e+00 
5.5250001e-01 5.5470042e+00 
5.5750000e-01 5.5774097e+00 
5.6250000e-01 5.6079178e+00 
5.6750000e-01 5.6385279e+00 
5.7249999e-01 5.6692376e+00 
5.7749999e-01 5.7000446e+00 
5.8249998e-01 5.7309489e+00 
5.8749998e-01 5.7619481e+00 
5.9249997e-01 5.7930403e+00 
5.9750003e-01 5.8242245e+00 
6.0000002e-01 5.8398509e+00 
6.0000002e-01 5.8398509e+00 
6.0000002e-01 5.8398509e+00 
6.0000002e-01 5.8398509e+00 
6.0628319e-01 5.9252477e+00 
6.0628319e-01 5.9252477e+00 
6.0628319e-01 5.9252477e+00 
6.1256635e-01 6.0093169e+00 
6.1256635e-01 6.0093169e+00 
6.1256635e-01 6.0093169e+00 
6.1884958e-01 6.0920339e+00 
6.1884958e-01 6.0920339e+00 
6.1884958e-01 6.0920339e+00 
6.2513274e-01 6.1733718e+00 
6.2513274e-01 6.1733718e+00 
6.2513274e-01 6.1733718e+00 
6.3141590e-01 6.2533054e+00 
6.3141590e-01 6.2533054e+00 
6.3141590e-01 6.2533054e+00 
6.3769913e-01 6.3318114e+00 
6.3769913e-01 6.3318114e+00 
6.3769913e-01 6.3318114e+00 
6.4398229e-01 6.4088655e+00 
6.4398229e-01 6.4088655e+00 
6.4398229e-01 6.4088655e+00 
6.5026546e-01 6.4844446e+00 
6.5026546e-01 6.4844446e+00 
6.5026546e-01 6.4844446e+00 
6.5654868e-01 6.5585270e+00 
6.5654868e-01 6.5585270e+00 
6.5654868e-01 6.5585270e+00 
6.6283184e-01 6.6310897e+00 
6.6283184e-01 6.6310897e+00 
6.6283184e-01 6.6310897e+00 
6.6911507e-01 6.7021132e+00 
6.6911507e-01 6.7021132e+00 
6.6911507e-01 6.7021132e+00 
6.7539823e-01 6.7715750e+00 
6.7539823e-01 6.7715750e+00 
6.7539823e-01 6.7715750e+00 
6.8168139e-01 6.8394566e+00 
6.8168139e-01 6.8394566e+00 
6.8168139e-01 6.8394566e+00 
6.8796462e-01 6.9057384e+00 
6.8796462e-01 6.9057384e+00 
6.8796462e-01 6.9057384e+00 
6.9424778e-01 6.9704003e+00 
6.9424778e-01 6.9704003e+00 
6.9424778e-01 6.9704003e+00 
7.0053095e-01 7.0334253e+00 
7.0053095e-01 7.0334253e+00 
7.0053095e-01 7.0334253e+00 
7.0681417e-01 7.0947948e+00 
7.0681417e-01 7.0947948e+00 
7.0681417e-01 7.0947948e+00 
7.1309733e-01 7.1544919e+00 
7.1309733e-01 7.1544919e+00 
7.1309733e-01 7.1544919e+00 
7.1938050e-01 7.2125001e+00 
7.1938050e-01 7.2125001e+00 
7.1938050e-01 7.2125001e+00 
7.2566372e-01 7.2688022e+00 
7.2566372e-01 7.2688022e+00 
7.2566372e-01 7.2688022e+00 
7.3194689e-01 7.3233838e+00 
7.3194689e-01 7.3233838e+00 
7.3194689e-01 7.3233838e+00 
7.3823005e-01 7.3762293e+00 
7.3823005e-01 7.3762293e+00 
7.3823005e-01 7.3762293e+00 
7.4451327e-01 7.4273243e+00 
7.4451327e-01 7.4273243e+00 
7.4451327e-01 7.4273243e+00 
7.5079644e-01 7.4766545e+00 
7.5079644e-01 7.4766545e+00 
7.5079644e-01 7.4766545e+00 
7.5707966e-01 7.5242057e+00 
7.5707966e-01 7.5242057e+00 
7.5707966e-01 7.5242057e+00 
7.6336282e-01 7.5699663e+00 
7.6336282e-01 7.5699663e+00 
7.6336282e-01 7.5699663e+00 
7.6964599e-01 7.6139231e+00 
7.6964599e-01 7.6139231e+00 
7.6964599e-01 7.6139231e+00 
7.7592921e-01 7.6560640e+00 
7.7592921e-01 7.6560640e+00 
7.7592921e-01 7.6560640e+00 
7.8221238e-01 7.6963773e+00 
7.8221238e-01 7.6963773e+00 
7.8221238e-01 7.6963773e+00 
7.8849554e-01 7.7348523e+00 
7.8849554e-01 7.7348523e+00 
7.8849554e-01 7.7348523e+00 
7.9477876e-01 7.7714796e+00 
7.9477876e-01 7.7714796e+00 
7.9477876e-01 7.7714796e+00 
8.0106193e-01 7.8062477e+00 
8.0106193e-01 7.8062477e+00 
8.0106193e-01 7.8062477e+00 
8.0734509e-01 7.8391480e+00 
8.0734509e-01 7.8391480e+00 
8.0734509e-01 7.8391480e+00 
8.1362832e-01 7.8701711e+00 
8.1362832e-01 7.8701711e+00 
8.1362832e-01 7.8701711e+00 
8.1991148e-01 7.8993106e+00 
8.1991148e-01 7.8993106e+00 
8.1991148e-01 7.8993106e+00 
8.2619464e-01 7.9265561e+00 
8.2619464e-01 7.9265561e+00 
8.2619464e-01 7.9265561e+00 
8.3247787e-01 7.9519014e+00 
8.3247787e-01 7.9519014e+00 
8.3247787e-01 7.9519014e+00 
8.3876103e-01 7.9753399e+00 
8.3876103e-01 7.9753399e+00 
8.3876103e-01 7.9753399e+00 
8.4504426e-01 7.9968648e+00 
8.4504426e-01 7.9968648e+00 
8.4504426e-01 7.9968648e+00 
8.5132742e-01 8.0164709e+00 
8.5132742e-01 8.0164709e+00 
8.5132742e-01 8.0164709e+00 
8.5761058e-01 8.0341530e+00 
8.5761058e-01 8.0341530e+00 
8.5761058e-01 8.0341530e+00 
8.6389381e-01 8.0499058e+00 
8.6389381e-01 8.0499058e+00 
8.6389381e-01 8.0499058e+00 
8.7017697e-01 8.0637264e+00 
8.7017697e-01 8.0637264e+00 
8.7017697e-01 8.0637264e+00 
8.7646013e-01 8.0756092e+00 
8.7646013e-01 8.0756092e+00 
8.7646013e-01 8.0756092e+00 
8.8274336e-01 8.0855513e+00 
8.8274336e-01 8.0855513e+00 
8.8274336e-01 8.0855513e+00 
8.8902652e-01 8.0935516e+00 
8.8902652e-01 8.0935516e+00 
8.8902652e-01 8.0935516e+00 
8.9530969e-01 8.0996075e+00 
8.9530969e-01 8.0996075e+00 
8.9530969e-01 8.0996075e+00 
9.0159291e-01 8.1037169e+00 
9.0159291e-01 8.1037169e+00 
9.0159291e-01 8.1037169e+00 
9.0787607e-01 8.1058788e+00 
9.0787607e-01 8.1058788e+00 
9.0787607e-01 8.1058788e+00 
9.1415924e-01 8.1060925e+00 
9.1415924e-01 8.1060925e+00 
9.1415924e-01 8.1060925e+00 
9.2044246e-01 8.1043577e+00 
9.2044246e-01 8.1043577e+00 
9.2044246e-01 8.1043577e+00 
9.2672563e-01 8.1006765e+00 
9.2672563e-01 8.1006765e+00 
9.2672563e-01 8.1006765e+00 
9.3300885e-01 8.0950480e+00 
9.3300885e-01 8.0950480e+00 
9.3300885e-01 8.0950480e+00 
9.3929201e-01 8.0874758e+00 
9.3929201e-01 8.0874758e+00 
9.3929201e-01 8.0874758e+00 
9.4557518e-01 8.0779591e+00 
9.4557518e-01 8.0779591e+00 
9.4557518e-01 8.0779591e+00 
9.5185840e-01 8.0665026e+00 
9.5185840e-01 8.0665026e+00 
9.5185840e-01 8.0665026e+00 
9.5814157e-01 8.0531092e+00 
9.5814157e-01 8.0531092e+00 
9.5814157e-01 8.0531092e+00 
9.6442473e-01 8.0377817e+00 
9.6442473e-01 8.0377817e+00 
9.6442473e-01 8.0377817e+00 
9.7070795e-01 8.0205250e+00 
9.7070795e-01 8.0205250e+00 
9.7070795e-01 8.0205250e+00 
9.7699112e-01 8.0013428e+00 
9.7699112e-01 8.0013428e+00 
9.7699112e-01 8.0013428e+00 
9.8327428e-01 7.9802403e+00 
9.8327428e-01 7.9802403e+00 
9.8327428e-01 7.9802403e+00 
9.8955750e-01 7.9572248e+00 
9.8955750e-01 7.9572248e+00 
9.8955750e-01 7.9572248e+00 
9.9584067e-01 7.9323015e+00 
9.9584067e-01 7.9323015e+00 
9.9584067e-01 7.9323015e+00 
1.0021238e+00 7.9054766e+00 
1.0021238e+00 7.9054766e+00 
1.0021238e+00 7.9054766e+00 
1.0084070e+00 7.8767576e+00 
1.0084070e+00 7.8767576e+00 
1.0084070e+00 7.8767576e+00 
1.0146903e+00 7.8461523e+00 
1.0146903e+00 7.8461523e+00 
1.0146903e+00 7.8461523e+00 
1.0209734e+00 7.8136697e+00 
1.0209734e+00 7.8136697e+00 
1.0209734e+00 7.8136697e+00 
1.0272566e+00 7.7793179e+00 
1.0272566e+00 7.7793179e+00 
1.0272566e+00 7.7793179e+00 
1.0335398e+00 7.7431059e+00 
1.0335398e+00 7.7431059e+00 
1.0335398e+00 7.7431059e+00 
1.0398229e+00 7.7050438e+00 
1.0398229e+00 7.7050438e+00 
1.0398229e+00 7.7050438e+00 
1.0461061e+00 7.6651425e+00 
1.0461061e+00 7.6651425e+00 
1.0461061e+00 7.6651425e+00 
1.0523894e+00 7.6234121e+00 
1.0523894e+00 7.6234121e+00 
1.0523894e+00 7.6234121e+00 
1.0586725e+00 7.5798645e+00 
1.0586725e+00 7.5798645e+00 
1.0586725e+00 7.5798645e+00 
1.0649557e+00 7.5345111e+00 
1.0649557e+00 7.5345111e+00 
1.0649557e+00 7.5345111e+00 
1.0712389e+00 7.4873648e+00 
1.0712389e+00 7.4873648e+00 
1.0712389e+00 7.4873648e+00 
1.0775220e+00 7.4384379e+00 
1.0775220e+00 7.4384379e+00 
1.0775220e+00 7.4384379e+00 
1.0838053e+00 7.3877444e+00 
1.0838053e+00 7.3877444e+00 
1.0838053e+00 7.3877444e+00 
1.0900885e+00 7.3352981e+00 
1.0900885e+00 7.3352981e+00 
1.0900885e+00 7.3352981e+00 
1.0963717e+00 7.2811141e+00 
1.0963717e+00 7.2811141e+00 
1.0963717e+00 7.2811141e+00 
1.1026548e+00 7.2252059e+00 
1.1026548e+00 7.2252059e+00 
1.1026548e+00 7.2252059e+00 
1.1089380e+00 7.1675906e+00 
1.1089380e+00 7.1675906e+00 
1.1089380e+00 7.1675906e+00 
1.1152211e+00 7.1082835e+00 
1.1152211e+00 7.1082835e+00 
1.1152211e+00 7.1082835e+00 
1.1215044e+00 7.0473018e+00 
1.1215044e+00 7.0473018e+00 
1.1215044e+00 7.0473018e+00 
1.1277876e+00 6.9846616e+00 
1.1277876e+00 6.9846616e+00 
1.1277876e+00 6.9846616e+00 
1.1340708e+00 6.9203820e+00 
1.1340708e+00 6.9203820e+00 
1.1340708e+00 6.9203820e+00 
1.1403539e+00 6.8544798e+00 
1.1403539e+00 6.8544798e+00 
1.1403539e+00 6.8544798e+00 
1.1466371e+00 6.7869749e+00 
1.1466371e+00 6.7869749e+00 
1.1466371e+00 6.7869749e+00 
1.1529204e+00 6.7178864e+00 
1.1529204e+00 6.7178864e+00 
1.1529204e+00 6.7178864e+00 
1.1592035e+00 6.6472335e+00 
1.1592035e+00 6.6472335e+00 
1.1592035e+00 6.6472335e+00 
1.1654867e+00 6.5750380e+00 
1.1654867e+00 6.5750380e+00 
1.1654867e+00 6.5750380e+00 
1.1717699e+00 6.5013194e+00 
1.1717699e+00 6.5013194e+00 
1.1717699e+00 6.5013194e+00 
1.1780530e+00 6.4261007e+00 
1.1780530e+00 6.4261007e+00 
1.1780530e+00 6.4261007e+00 
1.1843362e+00 6.3494034e+00 
1.1843362e+00 6.3494034e+00 
1.1843362e+00 6.3494034e+00 
1.1906195e+00 6.2712507e+00 
1.1906195e+00 6.2712507e+00 
1.1906195e+00 6.2712507e+00 
1.1969026e+00 6.1916656e+00 
1.1969026e+00 6.1916656e+00 
1.1969026e+00 6.1916656e+00 
1.2031858e+00 6.1106734e+00 
1.2031858e+00 6.1106734e+00 
1.2031858e+00 6.1106734e+00 
1.2094690e+00 6.0282979e+00 
1.2094690e+00 6.0282979e+00 
1.2094690e+00 6.0282979e+00 
1.2157521e+00 5.9445648e+00 
1.2157521e+00 5.9445648e+00 
1.2157521e+00 5.9445648e+00 
1.2220353e+00 5.8595014e+00 
1.2220353e+00 5.8595014e+00 
1.2220353e+00 5.8595014e+00 
1.2283186e+00 5.7731328e+00 
1.2283186e+00 5.7731328e+00 
1.2283186e+00 5.7731328e+00 
1.2333186e+00 5.7407084e+00 
1.2383186e+00 5.7083778e+00 
1.2433186e+00 5.6761436e+00 
1.2483186e+00 5.6440082e+00 
1.2533185e+00 5.6119714e+00 
1.2583185e+00 5.5800366e+00 
1.2633185e+00 5.5482049e+00 
1.2683185e+00 5.5164776e+00 
1.2733185e+00 5.4848571e+00 
1.2783185e+00 5.4533453e+00 
1.2833185e+00 5.4219441e+00 
1.2883185e+00 5.3906546e+00 
1.2933185e+00 5.3594804e+00 
1.2983185e+00 5.3284221e+00 
1.3033185e+00 5.2974820e+00 
1.3083185e+00 5.2666621e+00 
1.3133185e+00 5.2359653e+00 
1.3183185e+00 5.2053933e+00 
1.3233185e+00 5.1749482e+00 
1.3283185e+00 5.1446323e+00 
1.3333186e+00 5.1144476e+00 
1.3383186e+00 5.0843973e+00 
1.3433186e+00 5.0544834e+00 
1.3483186e+00 5.0247073e+00 
1.3533186e+00 4.9950733e+00 
1.3583186e+00 4.9655824e+00 
1.3633186e+00 4.9362383e+00 
1.3683186e+00 4.9070425e+00 
1.3733186e+00 4.8779988e+00 
1.3783185e+00 4.8491092e+00 
1.3833185e+00 4.8203764e+00 
1.3883185e+00 4.7918043e+00 
1.3933185e+00 4.7633944e+00 
1.3983185e+00 4.7351499e+00 
1.4033185e+00 4.7070746e+00 
1.4083185e+00 4.6791711e+00 
1.4133185e+00 4.6514421e+00 
1.4183185e+00 4.6238914e+00 
1.4233185e+00 4.5965214e+00 
1.4283185e+00 4.5693364e+00 
1.4333185e+00 4.5423388e+00 
1.4363185e+00 4.5262313e+00 
1.4373186e+00 4.5208778e+00 
1.4383185e+00 4.5155320e+00 
1.4393185e+00 4.5101938e+00 
1.4403186e+00 4.5048637e+00 
1.4413185e+00 4.4995413e+00 
1.4423186e+00 4.4942265e+00 
1.4433185e+00 4.4889197e+00 
1.4443185e+00 4.4836211e+00 
1.4453186e+00 4.4783306e+00 
1.4463185e+00 4.4730477e+00 
1.4473186e+00 4.4677730e+00 
1.4483185e+00 4.4625063e+00 
1.4493185e+00 4.4572473e+00 
1.4503186e+00 4.4519968e+00 
1.4513185e+00 4.4467545e+00 
1.4523185e+00 4.4415197e+00 
1.4533185e+00 4.4362936e+00 
1.4543185e+00 4.4310756e+00 
1.4553186e+00 4.4258661e+00 
1.4563185e+00 4.4206648e+00 
1.4573185e+00 4.4154711e+00 
1.4583186e+00 4.4102864e+00 
1.4593185e+00 4.4051099e+00 
1.4603186e+00 4.3999419e+00 
1.4613185e+00 4.3947816e+00 
1.4623185e+00 4.3896308e+00 
1.4633186e+00 4.3844881e+00 
1.4643185e+00 4.3793535e+00 
1.4653186e+00 4.3742275e+00 
1.4663185e+00 4.3691101e+00 
1.4673185e+00 4.3640022e+00 
1.4683186e+00 4.3589015e+00 
1.4693185e+00 4.3538108e+00 
1.4703186e+00 4.3487277e+00 
1.4713185e+00 4.3436537e+00 
1.4723185e+00 4.3385887e+00 
1.4733186e+00 4.3335319e+00 
1.4743185e+00 4.3284841e+00 
1.4753186e+00 4.3234458e+00 
1.4763185e+00 4.3184156e+00 
1.4773185e+00 4.3133945e+00 
1.4783186e+00 4.3083825e+00 
1.4793185e+00 4.3033791e+00 
1.4803185e+00 4.2983847e+00 
1.4813185e+00 4.2933998e+00 
1.4823185e+00 4.2884240e+00 
1.4833186e+00 4.2834568e+00 
1.4843185e+00 4.2784986e+00 
1.4853185e+00 4.2735496e+00 
1.4863186e+00 4.2686105e+00 
1.4873185e+00 4.2636800e+00 
1.4883186e+00 4.2587590e+00 
1.4893185e+00 4.2538471e+00 
1.4903185e+00 4.2489443e+00 
1.4913186e+00 4.2440510e+00 
1.4923185e+00 4.2391672e+00 
1.4933186e+00 4.2342925e+00 
1.4943185e+00 4.2294278e+00 
1.4953185e+00 4.2245722e+00 
1.4963186e+00 4.2197261e+00 
1.4973185e+00 4.2148895e+00 
1.4983186e+00 4.2100630e+00 
1.4993185e+00 4.2052455e+00 
1.5003185e+00 4.2004375e+00 
1.5013186e+00 4.1956396e+00 
1.5023185e+00 4.1908512e+00 
1.5033185e+00 4.1860723e+00 
1.5043185e+00 4.1813035e+00 
1.5053185e+00 4.1765447e+00 
1.5063186e+00 4.1717958e+00 
1.5073185e+00 4.1670561e+00 
1.5083185e+00 4.1623263e+00 
1.5093186e+00 4.1576071e+00 
1.5103185e+00 4.1528978e+00 
1.5113186e+00 4.1481981e+00 
1.5123185e+00 4.1435084e+00 
1.5133185e+00 4.1388292e+00 
1.5143186e+00 4.1341600e+00 
1.5153185e+00 4.1295004e+00 
1.5163186e+00 4.1248512e+00 
1.5173185e+00 4.1202130e+00 
1.5183185e+00 4.1155844e+00 
1.5193186e+00 4.1109657e+00 
1.5203185e+00 4.1063581e+00 
1.5213186e+00 4.1017604e+00 
1.5223185e+00 4.0971732e+00 
1.5233185e+00 4.0925961e+00 
1.5243186e+00 4.0880299e+00 
1.5253185e+00 4.0834737e+00 
1.5263186e+00 4.0789285e+00 
1.5273185e+00 4.0743937e+00 
1.5283185e+00 4.0698695e+00 
1.5293186e+00 4.0653558e+00 
1.5303185e+00 4.0608530e+00 
1.5313185e+00 4.0563607e+00 
1.5323185e+00 4.0518789e+00 
1.5333185e+00 4.0474081e+00 
1.5343186e+00 4.0429487e+00 
1.5353185e+00 4.0384994e+00 
1.5363185e+00 4.0340610e+00 
1.5373186e+00 4.0296340e+00 
1.5383185e+00 4.0252175e+00 
1.5393186e+00 4.0208120e+00 
1.5403185e+00 4.0164175e+00 
1.5413185e+00 4.0120344e+00 
1.5423186e+00 4.0076623e+00 
1.5433185e+00 4.0033011e+00 
1.5443186e+00 3.9989510e+00 
1.5453185e+00 3.9946125e+00 
1.5463185e+00 3.9902852e+00 
1.5473186e+00 3.9859688e+00 
1.5483185e+00 3.9816639e+00 
1.5493186e+00 3.9773705e+00 
1.5503185e+00 3.9730883e+00 
1.5513185e+00 3.9688177e+00 
1.5523186e+00 3.9645581e+00 
1.5533185e+00 3.9603105e+00 
1.5543185e+00 3.9560745e+00 
1.5553185e+00 3.9518495e+00 
1.5563185e+00 3.9476366e+00 
1.5573186e+00 3.9434354e+00 
1.5583185e+00 3.9392455e+00 
1.5593185e+00 3.9350674e+00 
1.5603186e+00 3.9309013e+00 
1.5613185e+00 3.9267466e+00 
1.5623186e+00 3.9226041e+00 
1.5633185e+00 3.9184732e+00 
1.5643185e+00 3.9143543e+00 
1.5653186e+00 3.9102478e+00 
1.5663185e+00 3.9061527e+00 
1.5673186e+00 3.9020698e+00 
1.5683185e+00 3.8979990e+00 
1.5693185e+00 3.8939400e+00 
1.5703186e+00 3.8898935e+00 
1.5713185e+00 3.8858593e+00 
1.5723186e+00 3.8818369e+00 
1.5733185e+00 3.8778267e+00 
1.5743185e+00 3.8738291e+00 
1.5753186e+00 3.8698437e+00 
1.5763185e+00 3.8658707e+00 
1.5773185e+00 3.8619099e+00 
1.5783185e+00 3.8579619e+00 
1.5793185e+00 3.8540261e+00 
1.5803186e+00 3.8501029e+00 
1.5813185e+00 3.8461924e+00 
1.5823185e+00 3.8422942e+00 
1.5833186e+00 3.8384089e+00 
1.5843185e+00 3.8345361e+00 
1.5853186e+00 3.8306761e+00 
1.5863185e+00 3.8268287e+00 
1.5883186e+00 3.8191726e+00 
1.5903186e+00 3.8115678e+00 
1.5923185e+00 3.8040147e+00 
1.5943185e+00 3.7965136e+00 
1.5963185e+00 3.7890651e+00 
1.5983186e+00 3.7816694e+00 
1.6003186e+00 3.7743263e+00 
1.6023185e+00 3.7670367e+00 
1.6043185e+00 3.7598004e+00 
1.6063185e+00 3.7526183e+00 
1.6083186e+00 3.7454906e+00 
1.6103185e+00 3.7384171e+00 
1.6123185e+00 3.7313986e+00 
1.6143185e+00 3.7244351e+00 
1.6163186e+00 3.7175272e+00 
1.6183186e+00 3.7106752e+00 
1.6203185e+00 3.7038791e+00 
1.6223185e+00 3.6971395e+00 
1.6243185e+00 3.6904564e+00 
1.6263186e+00 3.6838305e+00 
1.6283185e+00 3.6772621e+00 
1.6303185e+00 3.6707511e+00 
1.6323185e+00 3.6642981e+00 
1.6343186e+00 3.6579030e+00 
1.6363186e+00 3.6515667e+00 
1.6383185e+00 3.6452894e+00 
1.6403185e+00 3.6390712e+00 
1.6423185e+00 3.6329124e+00 
1.6443186e+00 3.6268134e+00 
1.6463186e+00 3.6207745e+00 
1.6483185e+00 3.6147959e+00 
1.6503185e+00 3.6088779e+00 
1.6523185e+00 3.6030209e+00 
1.6543186e+00 3.5972252e+00 
1.6563185e+00 3.5914912e+00 
1.6583185e+00 3.5858190e+00 
1.6603185e+00 3.5802085e+00 
1.6623186e+00 3.5746610e+00 
1.6643186e+00 3.5691762e+00 
1.6663185e+00 3.5637543e+00 
1.6683185e+00 3.5583956e+00 
1.6703185e+00 3.5531006e+00 
1.6723186e+00 3.5478694e+00 
1.6743186e+00 3.5427024e+00 
1.6763185e+00 3.5376000e+00 
1.6783185e+00 3.5325623e+00 
1.6803185e+00 3.5275893e+00 
1.6823186e+00 3.5226817e+00 
1.6843185e+00 3.5178399e+00 
1.6863185e+00 3.5130637e+00 
1.6883185e+00 3.5083537e+00 
1.6903186e+00 3.5037100e+00 
1.6923186e+00 3.4991329e+00 
1.6943185e+00 3.4946227e+00 
1.6963185e+00 3.4901795e+00 
1.6983185e+00 3.4858038e+00 
1.7003186e+00 3.4814961e+00 
1.7023185e+00 3.4772561e+00 
1.7043185e+00 3.4730840e+00 
1.7063185e+00 3.4689806e+00 
1.7083186e+00 3.4649456e+00 
1.7103186e+00 3.4609795e+00 
1.7123185e+00 3.4570827e+00 
1.7143185e+00 3.4532552e+00 
1.7163185e+00 3.4494972e+00 
1.7183186e+00 3.4458091e+00 
1.7203186e+00 3.4421911e+00 
1.7223185e+00 3.4386432e+00 
1.7243185e+00 3.4351659e+00 
1.7263185e+00 3.4317594e+00 
1.7263185e+00 3.4317594e+00 
1.7273185e+00 3.4300826e+00 
1.7283186e+00 3.4284236e+00 
1.7293185e+00 3.4267824e+00 
1.7303185e+00 3.4251587e+00 
1.7313185e+00 3.4235532e+00 
1.7323185e+00 3.4219656e+00 
1.7333186e+00 3.4203956e+00 
1.7343185e+00 3.4188437e+00 
1.7353185e+00 3.4173095e+00 
1.7363186e+00 3.4157937e+00 
1.7373185e+00 3.4142954e+00 
1.7383186e+00 3.4128153e+00 
1.7393185e+00 3.4113533e+00 
1.7403185e+00 3.4099090e+00 
1.7413186e+00 3.4084833e+00 
1.7423185e+00 3.4070754e+00 
1.7433186e+00 3.4056854e+00 
1.7483186e+00 3.3990092e+00 
1.7533185e+00 3.3927889e+00 
1.7583185e+00 3.3870273e+00 
1.7633185e+00 3.3817263e+00 
1.7683185e+00 3.3768885e+00 
1.7733185e+00 3.3725157e+00 
1.7783185e+00 3.3686101e+00 
1.7833185e+00 3.3651729e+00 
1.7883185e+00 3.3622053e+00 
1.7933185e+00 3.3597093e+00 
1.7983185e+00 3.3576853e+00 
1.8033185e+00 3.3561344e+00 
1.8083185e+00 3.3550575e+00 
1.8133185e+00 3.3544548e+00 
1.8183185e+00 3.3543262e+00 
1.8233185e+00 3.3546724e+00 
1.8283185e+00 3.3554928e+00 
1.8333186e+00 3.3567874e+00 
1.8383186e+00 3.3585556e+00 
1.8433186e+00 3.3607962e+00 
1.8483186e+00 3.3635087e+00 
1.8533186e+00 3.3666921e+00 
1.8583186e+00 3.3703444e+00 
1.8633186e+00 3.3744648e+00 
1.8683186e+00 3.3790512e+00 
1.8733186e+00 3.3841016e+00 
1.8783185e+00 3.3896143e+00 
1.8833185e+00 3.3955867e+00 
1.8883185e+00 3.4020169e+00 
1.8933185e+00 3.4089017e+00 
1.8983185e+00 3.4162385e+00 
1.9033185e+00 3.4240243e+00 
1.9083185e+00 3.4322569e+00 
1.9133185e+00 3.4409318e+00 
1.9183185e+00 3.4500465e+00 
1.9233185e+00 3.4595976e+00 
1.9283185e+00 3.4695809e+00 
1.9333185e+00 3.4799929e+00 
1.9383185e+00 3.4908302e+00 
1.9433185e+00 3.5020881e+00 
1.9483185e+00 3.5137634e+00 
1.9533185e+00 3.5258512e+00 
1.9583186e+00 3.5383477e+00 
1.9633186e+00 3.5512486e+00 
1.9683186e+00 3.5645492e+00 
1.9733186e+00 3.5782452e+00 
1.9783186e+00 3.5923321e+00 
1.9833186e+00 3.6068056e+00 
1.9883186e+00 3.6216605e+00 
1.9933186e+00 3.6368923e+00 
1.9983186e+00 3.6524971e+00 
2.0033185e+00 3.6684687e+00 
2.0083184e+00 3.6848035e+00 
2.0133185e+00 3.7014959e+00 
2.0183184e+00 3.7185416e+00 
2.0233185e+00 3.7359357e+00 
2.0283186e+00 3.7536733e+00 
2.0333185e+00 3.7717495e+00 
2.0383186e+00 3.7901595e+00 
2.0433185e+00 3.8088982e+00 
2.0483186e+00 3.8279612e+00 
2.0533185e+00 3.8473437e+00 
2.0583186e+00 3.8670404e+00 
2.0633185e+00 3.8870468e+00 
2.0683186e+00 3.9073582e+00 
2.0733185e+00 3.9279699e+00 
2.0783186e+00 3.9488771e+00 
2.0833185e+00 3.9700749e+00 
2.0883186e+00 3.9915590e+00 
2.0933185e+00 4.0133252e+00 
2.0983186e+00 4.0353680e+00 
2.1033185e+00 4.0576835e+00 
2.1083186e+00 4.0802670e+00 
2.1133184e+00 4.1031141e+00 
2.1183186e+00 4.1262207e+00 
2.1233184e+00 4.1495824e+00 
2.1283185e+00 4.1731939e+00 
2.1333184e+00 4.1970525e+00 
2.1383185e+00 4.2211533e+00 
2.1433184e+00 4.2454920e+00 
2.1483185e+00 4.2700653e+00 
2.1533186e+00 4.2948680e+00 
2.1583185e+00 4.3198967e+00 
2.1633186e+00 4.3451486e+00 
2.1683185e+00 4.3706179e+00 
2.1733186e+00 4.3963017e+00 
2.1783185e+00 4.4221969e+00 
2.1833186e+00 4.4482985e+00 
2.1883185e+00 4.4746037e+00 
2.1933186e+00 4.5011091e+00 
2.1983185e+00 4.5278106e+00 
2.2033186e+00 4.5547051e+00 
2.2083185e+00 4.5817895e+00 
2.2133186e+00 4.6090598e+00 
2.2183185e+00 4.6365132e+00 
2.2233186e+00 4.6641464e+00 
2.2283185e+00 4.6919556e+00 
2.2333186e+00 4.7199388e+00 
2.2383184e+00 4.7480917e+00 
2.2433186e+00 4.7764120e+00 
2.2483184e+00 4.8048973e+00 
2.2533185e+00 4.8335438e+00 
2.2583184e+00 4.8623486e+00 
2.2633185e+00 4.8913093e+00 
2.2683184e+00 4.9204230e+00 
2.2733185e+00 4.9496870e+00 
2.2783186e+00 4.9790993e+00 
2.2833185e+00 5.0086560e+00 
2.2883186e+00 5.0383554e+00 
2.2933185e+00 5.0681949e+00 
2.2983186e+00 5.0981722e+00 
2.3033185e+00 5.1282845e+00 
2.3083186e+00 5.1585293e+00 
2.3133185e+00 5.1889048e+00 
2.3183186e+00 5.2194085e+00 
2.3233185e+00 5.2500381e+00 
2.3283186e+00 5.2807918e+00 
2.3333185e+00 5.3116665e+00 
2.3383186e+00 5.3426614e+00 
2.3433185e+00 5.3737731e+00 
2.3483186e+00 5.4050002e+00 
2.3533185e+00 5.4363413e+00 
2.3583186e+00 5.4677939e+00 
2.3633184e+00 5.4993553e+00 
2.3683186e+00 5.5310249e+00 
2.3733184e+00 5.5628004e+00 
2.3783185e+00 5.5946803e+00 
2.3833184e+00 5.6266618e+00 
2.3883185e+00 5.6587443e+00 
2.3933184e+00 5.6909251e+00 
2.3983185e+00 5.7232037e+00 
2.4033186e+00 5.7555771e+00 
2.4083185e+00 5.7880449e+00 
2.4133186e+00 5.8206053e+00 
2.4183185e+00 5.8532562e+00 
2.4233186e+00 5.8859963e+00 
2.4283185e+00 5.9188247e+00 
2.4333186e+00 5.9517388e+00 
2.4383185e+00 5.9847383e+00 
2.4433186e+00 6.0178213e+00 
2.4483185e+00 6.0509868e+00 
2.4483185e+00 5.3758173e+00 
2.4493186e+00 5.3803105e+00 
2.4503186e+00 5.3854728e+00 
2.4503186e+00 5.3833499e+00 
2.4513185e+00 5.3892274e+00 
2.4523184e+00 5.3951092e+00 
2.4523184e+00 5.3951092e+00 
2.4533186e+00 5.4009948e+00 
2.4543185e+00 5.4068837e+00 
2.4543185e+00 5.4068837e+00 
2.4563186e+00 5.4186726e+00 
2.4583185e+00 5.4304767e+00 
2.4603186e+00 5.4422951e+00 
2.4623184e+00 5.4541283e+00 
2.4643185e+00 5.4659753e+00 
2.4663186e+00 5.4778366e+00 
2.4683185e+00 5.4897127e+00 
2.4703186e+00 5.5016026e+00 
2.4723186e+00 5.5135069e+00 
2.4743185e+00 5.5254245e+00 
2.4763186e+00 5.5373569e+00 
2.4783185e+00 5.5493021e+00 
2.4803185e+00 5.5612617e+00 
2.4823186e+00 5.5732346e+00 
2.4843185e+00 5.5852208e+00 
2.4863186e+00 5.5972209e+00 
2.4883184e+00 5.6092339e+00 
2.4903185e+00 5.6212602e+00 
2.4923186e+00 5.6332998e+00 
2.4943185e+00 5.6453524e+00 
2.4963186e+00 5.6574178e+00 
2.4983184e+00 5.6694965e+00 
2.5003185e+00 5.6815877e+00 
2.5023186e+00 5.6936917e+00 
2.5043185e+00 5.7058086e+00 
2.5063186e+00 5.7179379e+00 
2.5083184e+00 5.7300801e+00 
2.5103185e+00 5.7422342e+00 
2.5123186e+00 5.7544007e+00 
2.5143185e+00 5.7665796e+00 
2.5163186e+00 5.7787704e+00 
2.5183184e+00 5.7909741e+00 
2.5203185e+00 5.8031893e+00 
2.5223186e+00 5.8154163e+00 
2.5243185e+00 5.8276553e+00 
2.5263186e+00 5.8399062e+00 
2.5283186e+00 5.8521690e+00 
2.5303185e+00 5.8644433e+00 
2.5323186e+00 5.8767290e+00 
2.5343184e+00 5.8890266e+00 
2.5363185e+00 5.9013352e+00 
2.5383186e+00 5.9136553e+00 
2.5403185e+00 5.9259868e+00 
2.5423186e+00 5.9383297e+00 
2.5443184e+00 5.9506836e+00 
2.5463185e+00 5.9630489e+00 
2.5483186e+00 5.9754248e+00 
2.5503185e+00 5.9878120e+00 
2.5523186e+00 6.0002098e+00 
2.5543184e+00 6.0126185e+00 
2.5563185e+00 6.0250378e+00 
2.5583186e+00 6.0374680e+00 
2.5603185e+00 6.0499086e+00 
2.5623186e+00 6.0623598e+00 
2.5643184e+00 6.0748219e+00 
2.5663185e+00 6.0872941e+00 
2.5683186e+00 6.0997767e+00 
2.5703185e+00 6.1122694e+00 
2.5723186e+00 6.1247725e+00 
2.5743186e+00 6.1372862e+00 
2.5763185e+00 6.1498098e+00 
2.5783186e+00 6.1623430e+00 
2.5803185e+00 6.1748867e+00 
2.5823185e+00 6.1874399e+00 
2.5843186e+00 6.2000036e+00 
2.5863185e+00 6.2125764e+00 
2.5883186e+00 6.2251592e+00 
2.5903184e+00 6.2377520e+00 
2.5923185e+00 6.2503538e+00 
2.5943186e+00 6.2629657e+00 
2.5963185e+00 6.2755866e+00 
2.5983186e+00 6.2882175e+00 
2.6003184e+00 6.3008575e+00 
2.6023185e+00 6.3135071e+00 
2.6043186e+00 6.3261662e+00 
2.6063185e+00 6.3388338e+00 
2.6083186e+00 6.3515110e+00 
2.6103184e+00 6.3641973e+00 
2.6123185e+00 6.3768926e+00 
2.6143186e+00 6.3895969e+00 
2.6163185e+00 6.4023104e+00 
2.6183186e+00 6.4150324e+00 
2.6203184e+00 6.4277635e+00 
2.6223185e+00 6.4405036e+00 
2.6243186e+00 6.4532518e+00 
2.6263185e+00 6.4660096e+00 
2.6283185e+00 6.4787755e+00 
2.6303186e+00 6.4915504e+00 
2.6323185e+00 6.5043330e+00 
2.6343186e+00 6.5171247e+00 
2.6363184e+00 6.5299249e+00 
2.6383185e+00 6.5431709e+00 
2.6403186e+00 6.5573025e+00 
2.6423185e+00 6.5723214e+00 
2.6443186e+00 6.5882292e+00 
2.6463184e+00 6.6050277e+00 
2.6483185e+00 6.6227202e+00 
2.6503186e+00 6.6413078e+00 
2.6523185e+00 6.6607933e+00 
2.6543186e+00 6.6811795e+00 
2.6563184e+00 6.7024693e+00 
2.6583185e+00 6.7246647e+00 
2.6603186e+00 6.7477694e+00 
2.6623185e+00 6.7717857e+00 
2.6643186e+00 6.7967172e+00 
2.6663184e+00 6.8225665e+00 
2.6683185e+00 6.8493385e+00 
2.6703186e+00 6.8770351e+00 
2.6723185e+00 6.9056606e+00 
2.6743186e+00 6.9352183e+00 
2.6763186e+00 6.9657130e+00 
2.6783185e+00 6.9971480e+00 
2.6803186e+00 7.0295272e+00 
2.6823184e+00 7.0628557e+00 
2.6843185e+00 7.0971370e+00 
2.6863186e+00 7.1323767e+00 
2.6883185e+00 7.1685781e+00 
2.6903186e+00 7.2057467e+00 
2.6923184e+00 7.2438869e+00 
2.6943185e+00 7.2830043e+00 
2.6963186e+00 7.3231039e+00 
2.6983185e+00 7.3641906e+00 
2.7003186e+00 7.4062705e+00 
2.7023184e+00 7.4493484e+00 
2.7043185e+00 7.4934306e+00 
2.7063186e+00 7.5385227e+00 
2.7083185e+00 7.5846300e+00 
2.7103186e+00 7.6317592e+00 
2.7123184e+00 7.6799169e+00 
2.7143185e+00 7.7291088e+00 
2.7163186e+00 7.7793417e+00 
2.7183185e+00 7.8306217e+00 
2.7203186e+00 7.8829565e+00 
2.7223186e+00 7.9363518e+00 
2.7243185e+00 7.9908166e+00 
2.7263186e+00 8.0463562e+00 
2.7283185e+00 8.1029787e+00 
2.7303185e+00 8.1606903e+00 
2.7323186e+00 8.2195015e+00 
2.7343185e+00 8.2794189e+00 
2.7363186e+00 8.3404484e+00 
2.7383184e+00 8.4026003e+00 
2.7403185e+00 8.4658823e+00 
2.7423186e+00 8.5303030e+00 
2.7443185e+00 8.5958700e+00 
2.7463186e+00 8.6625938e+00 
2.7483184e+00 8.7304811e+00 
2.7503185e+00 8.7995415e+00 
2.7523186e+00 8.8697863e+00 
2.7543185e+00 8.9412222e+00 
2.7563186e+00 9.0138597e+00 
2.7583184e+00 9.0877075e+00 
2.7603185e+00 9.1627779e+00 
2.7623186e+00 9.2390785e+00 
2.7643185e+00 9.3166208e+00 
2.7663186e+00 9.3954144e+00 
2.7683184e+00 9.4754696e+00 
2.7703185e+00 9.5567970e+00 
2.7723186e+00 9.6394081e+00 
2.7743185e+00 9.7233152e+00 
2.7763186e+00 9.8085260e+00 
2.7803185e+00 9.9802666e+00 
2.7843184e+00 1.0152018e+01 
2.7883186e+00 1.0323777e+01 
2.7923186e+00 1.0495545e+01 
2.7963185e+00 1.0667321e+01 
2.8003185e+00 1.0839105e+01 
2.8043184e+00 1.1010896e+01 
2.8083186e+00 1.1182693e+01 
2.8123186e+00 1.1354499e+01 
2.8163185e+00 1.1526310e+01 
2.8203185e+00 1.1698127e+01 
2.8243186e+00 1.1869950e+01 
2.8283186e+00 1.2041780e+01 
2.8323185e+00 1.2213613e+01 
2.8363185e+00 1.2385452e+01 
2.8403184e+00 1.2557296e+01 
2.8443186e+00 1.2729145e+01 
2.8483186e+00 1.2900998e+01 
2.8523185e+00 1.3072856e+01 
2.8563185e+00 1.3244719e+01 
2.8603184e+00 1.3416584e+01 
2.8643186e+00 1.3588453e+01 
2.8683186e+00 1.3760327e+01 
2.8703184e+00 1.3844899e+01 
2.8723185e+00 1.3926726e+01 
2.8743186e+00 1.4005796e+01 
2.8763185e+00 1.4082090e+01 
2.8783185e+00 1.4155593e+01 
2.8803186e+00 1.4226292e+01 
2.8823185e+00 1.4294170e+01 
2.8843186e+00 1.4359218e+01 
2.8863184e+00 1.4421420e+01 
2.8883185e+00 1.4480765e+01 
2.8903186e+00 1.4537239e+01 
2.8923185e+00 1.4590835e+01 
2.8943186e+00 1.4641538e+01 
2.8963184e+00 1.4689340e+01 
2.8983185e+00 1.4734230e+01 
2.9003186e+00 1.4776202e+01 
2.9023185e+00 1.4815245e+01 
2.9043186e+00 1.4851353e+01 
2.9063184e+00 1.4884518e+01 
2.9083185e+00 1.4914733e+01 
2.9103186e+00 1.4941993e+01 
2.9123185e+00 1.4966292e+01 
2.9143186e+00 1.4987625e+01 
2.9163184e+00 1.5005989e+01 
2.9183185e+00 1.5021379e+01 
2.9203186e+00 1.5033792e+01 
2.9223185e+00 1.5043226e+01 
2.9243186e+00 1.5049679e+01 
2.9263186e+00 1.5053150e+01 
2.9283185e+00 1.5053638e+01 
2.9303186e+00 1.5051144e+01 
2.9323184e+00 1.5045665e+01 
2.9343185e+00 1.5037206e+01 
2.9363186e+00 1.5025767e+01 
2.9383185e+00 1.5011352e+01 
2.9403186e+00 1.4993960e+01 
2.9423184e+00 1.4973598e+01 
2.9443185e+00 1.4950269e+01 
2.9463186e+00 1.4923978e+01 
2.9483185e+00 1.4894729e+01 
2.9503186e+00 1.4862528e+01 
2.9523184e+00 1.4827383e+01 
2.9543185e+00 1.4789299e+01 
2.9563186e+00 1.4748284e+01 
2.9583185e+00 1.4704348e+01 
2.9603186e+00 1.4657497e+01 
2.9623184e+00 1.4607742e+01 
2.9643185e+00 1.4555093e+01 
2.9663186e+00 1.4499559e+01 
2.9683185e+00 1.4441153e+01 
2.9703186e+00 1.4379884e+01 
2.9723186e+00 1.4315766e+01 
2.9743185e+00 1.4248812e+01 
2.9763186e+00 1.4179034e+01 
2.9783185e+00 1.4106447e+01 
2.9803185e+00 1.4031064e+01 
2.9823186e+00 1.3952902e+01 
2.9843185e+00 1.3871974e+01 
2.9863186e+00 1.3788299e+01 
2.9883184e+00 1.3701891e+01 
2.9903185e+00 1.3612767e+01 
2.9923186e+00 1.3520947e+01 
2.9943185e+00 1.3426449e+01 
2.9963186e+00 1.3329289e+01 
2.9983184e+00 1.3229489e+01 
3.0003185e+00 1.3127069e+01 
3.0023186e+00 1.3022046e+01 
3.0043185e+00 1.2914444e+01 
3.0063186e+00 1.2804284e+01 
3.0083184e+00 1.2691586e+01 
3.0123186e+00 1.2463672e+01 
3.0163186e+00 1.2235763e+01 
3.0203185e+00 1.2007857e+01 
3.0243185e+00 1.1779960e+01 
3.0283186e+00 1.1552066e+01 
3.0323186e+00 1.1324179e+01 
3.0363185e+00 1.1096298e+01 
3.0403185e+00 1.0868423e+01 
3.0443184e+00 1.0640557e+01 
3.0483186e+00 1.0412698e+01 
3.0523186e+00 1.0184848e+01 
3.0563185e+00 9.9570055e+00 
3.0603185e+00 9.7291727e+00 
3.0643184e+00 9.5013514e+00 
3.0683186e+00 9.2735405e+00 
3.0723186e+00 9.0457401e+00 
3.0763185e+00 8.8179541e+00 
3.0803185e+00 8.5901804e+00 
3.0843186e+00 8.3624220e+00 
3.0883186e+00 8.1346798e+00 
3.0923185e+00 7.9069548e+00 
3.0963185e+00 7.6792483e+00 
3.1003184e+00 7.4515629e+00 
3.1023185e+00 7.3386049e+00 
3.1043186e+00 7.2273889e+00 
3.1063185e+00 7.1178885e+00 
3.1083186e+00 7.0100775e+00 
3.1103184e+00 6.9039316e+00 
3.1123185e+00 6.7994251e+00 
3.1143186e+00 6.6965342e+00 
3.1163185e+00 6.5952353e+00 
3.1183186e+00 6.4955044e+00 
3.1203184e+00 6.3973174e+00 
3.1223185e+00 6.3006530e+00 
3.1243186e+00 6.2054882e+00 
3.1263185e+00 6.1118002e+00 
3.1283185e+00 6.0195680e+00 
3.1303186e+00 5.9287705e+00 
3.1323185e+00 5.8393865e+00 
3.1343186e+00 5.7513947e+00 
3.1363184e+00 5.6647758e+00 
3.1383185e+00 5.5795097e+00 
3.1403186e+00 5.4955764e+00 
3.1423185e+00 5.4129567e+00 
3.1443186e+00 5.3316321e+00 
3.1463184e+00 5.2515841e+00 
3.1483185e+00 5.1727939e+00 
3.1503186e+00 5.0952444e+00 
3.1523185e+00 5.0189171e+00 
3.1543186e+00 4.9437957e+00 
3.1563184e+00 4.8698626e+00 
3.1583185e+00 4.7971015e+00 
3.1603186e+00 4.7254963e+00 
3.1623185e+00 4.6550307e+00 
3.1643186e+00 4.5856895e+00 
3.1663184e+00 4.5174565e+00 
3.1683185e+00 4.4503174e+00 
3.1703186e+00 4.3842578e+00 
3.1723185e+00 4.3192625e+00 
3.1743186e+00 4.2553177e+00 
3.1763186e+00 4.1924100e+00 
3.1783185e+00 4.1305251e+00 
3.1803186e+00 4.0696507e+00 
3.1823184e+00 4.0097733e+00 
3.1843185e+00 3.9508798e+00 
3.1863186e+00 3.8929596e+00 
3.1883185e+00 3.8359993e+00 
3.1903186e+00 3.7799876e+00 
3.1923184e+00 3.7249134e+00 
3.1943185e+00 3.6707652e+00 
3.1963186e+00 3.6175323e+00 
3.1983185e+00 3.5652046e+00 
3.2003186e+00 3.5137715e+00 
3.2023184e+00 3.4632235e+00 
3.2043185e+00 3.4135509e+00 
3.2063186e+00 3.3647442e+00 
3.2083185e+00 3.3167946e+00 
3.2103186e+00 3.2696936e+00 
3.2123184e+00 3.2234328e+00 
3.2143185e+00 3.1780043e+00 
3.2163186e+00 3.1334000e+00 
3.2183185e+00 3.0896127e+00 
3.2203186e+00 3.0466356e+00 
3.2223186e+00 3.0044615e+00 
3.2243185e+00 2.9630845e+00 
3.2263186e+00 2.9224980e+00 
3.2283185e+00 2.8826962e+00 
3.2303185e+00 2.8436739e+00 
3.2323186e+00 2.8054259e+00 
3.2343185e+00 2.7679470e+00 
3.2363186e+00 2.7312334e+00 
3.2383184e+00 2.6952801e+00 
3.2403185e+00 2.6600838e+00 
3.2423186e+00 2.6253278e+00 
3.2443185e+00 2.5907009e+00 
3.2463186e+00 2.5562084e+00 
3.2483184e+00 2.5218558e+00 
3.2503185e+00 2.4876490e+00 
3.2523186e+00 2.4535942e+00 
3.2543185e+00 2.4196978e+00 
3.2563186e+00 2.3859663e+00 
3.2583184e+00 2.3524070e+00 
3.2603185e+00 2.3190272e+00 
3.2623186e+00 2.2858348e+00 
3.2643185e+00 2.2528384e+00 
3.2663186e+00 2.2200463e+00 
3.2683184e+00 2.1874681e+00 
3.2703185e+00 2.1551130e+00 
3.2723186e+00 2.1229918e+00 
3.2743185e+00 2.0911148e+00 
3.2763186e+00 2.0594935e+00 
3.2783186e+00 2.0281401e+00 
3.2803185e+00 1.9970666e+00 
3.2823186e+00 1.9662869e+00 
3.2843184e+00 1.9358146e+00 
3.2863185e+00 1.9056648e+00 
3.2883186e+00 1.8758528e+00 
3.2903185e+00 1.8463950e+00 
3.2923186e+00 1.8173087e+00 
3.2943184e+00 1.7886120e+00 
3.2963185e+00 1.7603238e+00 
3.2983186e+00 1.7324643e+00 
3.3003185e+00 1.7050545e+00 
3.3023186e+00 1.6781164e+00 
3.3043184e+00 1.6516730e+00 
3.3063185e+00 1.6257486e+00 
3.3083186e+00 1.6003681e+00 
3.3103185e+00 1.5755583e+00 
3.3123186e+00 1.5513463e+00 
3.3143184e+00 1.5277603e+00 
3.3163185e+00 1.5048301e+00 
3.3183186e+00 1.4825860e+00 
3.3203185e+00 1.4610592e+00 
3.3223186e+00 1.4402821e+00 
3.3243186e+00 1.4202875e+00 
3.3263185e+00 1.4011089e+00 
3.3283186e+00 1.3827802e+00 
3.3303185e+00 1.3653356e+00 
3.3323185e+00 1.3488095e+00 
3.3343186e+00 1.3332360e+00 
3.3363185e+00 1.3186489e+00 
3.3383186e+00 1.3050812e+00 
3.3403184e+00 1.2925652e+00 
3.3413186e+00 1.2867112e+00 
3.3433185e+00 1.2758299e+00 
3.3453186e+00 1.2660739e+00 
3.3473186e+00 1.2574697e+00 
3.3493185e+00 1.2500410e+00 
3.3513186e+00 1.2438087e+00 
3.3533185e+00 1.2387911e+00 
3.3553185e+00 1.2350030e+00 
3.3573186e+00 1.2324555e+00 
3.3593185e+00 1.2311565e+00 
3.3613186e+00 1.2311099e+00 
3.3633184e+00 1.2323158e+00 
3.3653185e+00 1.2347705e+00 
3.3673186e+00 1.2384669e+00 
3.3693185e+00 1.2433934e+00 
3.3713186e+00 1.2495357e+00 
3.3733184e+00 1.2568761e+00 
3.3753185e+00 1.2653937e+00 
3.3773186e+00 1.2750648e+00 
3.3793185e+00 1.2858634e+00 
3.3813186e+00 1.2977613e+00 
3.3833184e+00 1.3107288e+00 
3.3853185e+00 1.3247343e+00 
3.3873186e+00 1.3397453e+00 
3.3893185e+00 1.3557283e+00 
3.3913186e+00 1.3726494e+00 
3.3933184e+00 1.3904746e+00 
3.3953185e+00 1.4091691e+00 
3.3973186e+00 1.4286991e+00 
3.3993185e+00 1.4490310e+00 
3.4013186e+00 1.4701310e+00 
3.4033186e+00 1.4919670e+00 
3.4053185e+00 1.5145068e+00 
3.4073186e+00 1.5377198e+00 
3.4093184e+00 1.5615757e+00 
3.4113185e+00 1.5860457e+00 
3.4133186e+00 1.6111015e+00 
3.4153185e+00 1.6367166e+00 
3.4173186e+00 1.6628649e+00 
3.4193184e+00 1.6895218e+00 
3.4213185e+00 1.7166635e+00 
3.4233186e+00 1.7442673e+00 
3.4253185e+00 1.7723117e+00 
3.4273186e+00 1.8007761e+00 
3.4293184e+00 1.8296410e+00 
3.4313185e+00 1.8588876e+00 
3.4333186e+00 1.8884981e+00 
3.4353185e+00 1.9184558e+00 
3.4373186e+00 1.9487448e+00 
3.4393184e+00 1.9793496e+00 
3.4413185e+00 2.0102561e+00 
3.4433186e+00 2.0414503e+00 
3.4453185e+00 2.0729191e+00 
3.4473186e+00 2.1046507e+00 
3.4493186e+00 2.1366329e+00 
3.4513185e+00 2.1688550e+00 
3.4533186e+00 2.2013061e+00 
3.4553185e+00 2.2339768e+00 
3.4573185e+00 2.2668569e+00 
3.4593186e+00 2.2999377e+00 
3.4613185e+00 2.3332107e+00 
3.4633186e+00 2.3666677e+00 
3.4653184e+00 2.4003015e+00 
3.4673185e+00 2.4341040e+00 
3.4693186e+00 2.4680686e+00 
3.4713185e+00 2.5021887e+00 
3.4733186e+00 2.5364583e+00 
3.4753184e+00 2.5708711e+00 
3.4773185e+00 2.6054215e+00 
3.4793186e+00 2.6401038e+00 
3.4813185e+00 2.6749134e+00 
3.4833186e+00 2.7098453e+00 
3.4853184e+00 2.7448947e+00 
3.4873185e+00 2.7800570e+00 
3.4893186e+00 2.8153281e+00 
3.4913185e+00 2.8507040e+00 
3.4933186e+00 2.8861809e+00 
3.4953184e+00 2.9217551e+00 
3.4973185e+00 2.9574227e+00 
3.4993186e+00 2.9931810e+00 
3.5013185e+00 3.0290263e+00 
3.5033185e+00 3.0649557e+00 
3.5053186e+00 3.1009665e+00 
3.5073185e+00 3.1370559e+00 
3.5093186e+00 3.1732206e+00 
3.5113184e+00 3.2094586e+00 
3.5133185e+00 3.2457674e+00 
3.5153186e+00 3.2821445e+00 
3.5173185e+00 3.3185878e+00 
3.5193186e+00 3.3550951e+00 
3.5213184e+00 3.3916643e+00 
3.5233185e+00 3.4282935e+00 
3.5253186e+00 3.4649804e+00 
3.5273185e+00 3.5017238e+00 
3.5293186e+00 3.5385215e+00 
3.5313184e+00 3.5753717e+00 
3.5333185e+00 3.6122737e+00 
3.5353186e+00 3.6492248e+00 
3.5373185e+00 3.6862242e+00 
3.5393186e+00 3.7232702e+00 
3.5413184e+00 3.7603617e+00 
3.5433185e+00 3.7974968e+00 
3.5453186e+00 3.8346748e+00 
3.5473185e+00 3.8718944e+00 
3.5493186e+00 3.9091544e+00 
3.5513186e+00 3.9464529e+00 
3.5533185e+00 3.9837902e+00 
3.5553186e+00 4.0211635e+00 
3.5573184e+00 4.0585737e+00 
3.5593185e+00 4.0960188e+00 
3.5613186e+00 4.1334972e+00 
3.5633185e+00 4.1710091e+00 
3.5653186e+00 4.2085538e+00 
3.5673184e+00 4.2461286e+00 
3.5693185e+00 4.2837353e+00 
3.5713186e+00 4.3213706e+00 
3.5733185e+00 4.3590360e+00 
3.5753186e+00 4.3967285e+00 
3.5773184e+00 4.4344492e+00 
3.5793185e+00 4.4721966e+00 
3.5813186e+00 4.5099697e+00 
3.5833185e+00 4.5477686e+00 
3.5853186e+00 4.5855927e+00 
3.5873184e+00 4.6234407e+00 
3.5893185e+00 4.6613121e+00 
3.5913186e+00 4.6992068e+00 
3.5933185e+00 4.7371244e+00 
3.5953186e+00 4.7750635e+00 
3.5973186e+00 4.8130245e+00 
3.5993185e+00 4.8510060e+00 
3.6013186e+00 4.8890085e+00 
3.6033185e+00 4.9270306e+00 
3.6053185e+00 4.9650726e+00 
3.6073186e+00 5.0031333e+00 
3.6093185e+00 5.0412126e+00 
3.6113186e+00 5.0793109e+00 
3.6133184e+00 5.1174264e+00 
3.6153185e+00 5.1555591e+00 
3.6173186e+00 5.1937094e+00 
3.6193185e+00 5.2318764e+00 
3.6213186e+00 5.2700591e+00 
3.6233184e+00 5.3082585e+00 
3.6253185e+00 5.3464732e+00 
3.6273186e+00 5.3847032e+00 
3.6293185e+00 5.4229484e+00 
3.6313186e+00 5.4612079e+00 
3.6333184e+00 5.4994822e+00 
3.6353185e+00 5.5377703e+00 
3.6373186e+00 5.5760717e+00 
3.6393185e+00 5.6143875e+00 
3.6413186e+00 5.6527157e+00 
3.6433184e+00 5.6910577e+00 
3.6453185e+00 5.7294116e+00 
3.6473186e+00 5.7677779e+00 
3.6493185e+00 5.8061571e+00 
3.6513186e+00 5.8445477e+00 
3.6533186e+00 5.8829498e+00 
3.6553185e+00 5.9213638e+00 
3.6573186e+00 5.9597893e+00 
3.6593184e+00 5.9982252e+00 
3.6613185e+00 6.0366721e+00 
3.6633186e+00 6.0751305e+00 
3.6653185e+00 6.1135983e+00 
3.6673186e+00 6.1520767e+00 
3.6693184e+00 6.1905651e+00 
3.6713185e+00 6.2290635e+00 
3.6733186e+00 6.2675714e+00 
3.6753185e+00 6.3060884e+00 
3.6773186e+00 6.3446155e+00 
3.6793184e+00 6.3831511e+00 
3.6813185e+00 6.4216957e+00 
3.6833186e+00 6.4602499e+00 
3.6853185e+00 6.4988122e+00 
3.6873186e+00 6.5373831e+00 
3.6893184e+00 6.5759621e+00 
3.6913185e+00 6.6145496e+00 
3.6933186e+00 6.6531453e+00 
3.6953185e+00 6.6917486e+00 
3.6973186e+00 6.7303600e+00 
3.6993186e+00 6.7689791e+00 
3.7013185e+00 6.8076057e+00 
3.7033186e+00 6.8462391e+00 
3.7053185e+00 6.8848810e+00 
3.7073185e+00 6.9235287e+00 
3.7093186e+00 6.9621844e+00 
3.7113185e+00 7.0008469e+00 
3.7133186e+00 7.0395160e+00 
3.7153184e+00 7.0781918e+00 
3.7173185e+00 7.1168742e+00 
3.7193186e+00 7.1555634e+00 
3.7213185e+00 7.1942582e+00 
3.7233186e+00 7.2329597e+00 
3.7253184e+00 7.2716680e+00 
3.7273185e+00 7.3103814e+00 
3.7293186e+00 7.3491015e+00 
3.7313185e+00 7.3878269e+00 
3.7333186e+00 7.4265585e+00 
3.7353184e+00 7.4652958e+00 
3.7373185e+00 7.5040383e+00 
3.7393186e+00 7.5427871e+00 
3.7413185e+00 7.5815411e+00 
3.7433186e+00 7.6203003e+00 
3.7453184e+00 7.6590648e+00 
3.7473185e+00 7.6978340e+00 
3.7493186e+00 7.7366090e+00 
3.7513185e+00 7.7753887e+00 
3.7533185e+00 7.8141737e+00 
3.7553186e+00 7.8529630e+00 
3.7573185e+00 7.8917575e+00 
3.7593186e+00 7.9305573e+00 
3.7613184e+00 7.9693608e+00 
3.7633185e+00 8.0081701e+00 
3.7653186e+00 8.0469828e+00 
3.7673185e+00 8.0858002e+00 
3.7693186e+00 8.1246223e+00 
3.7713184e+00 8.1634493e+00 
3.7733185e+00 8.2022800e+00 
3.7753186e+00 8.2411156e+00 
3.7773185e+00 8.2799540e+00 
3.7793186e+00 8.3187971e+00 
3.7813184e+00 8.3576441e+00 
3.7833185e+00 8.3964958e+00 
3.7853186e+00 8.4353504e+00 
3.7873185e+00 8.4742107e+00 
3.7893186e+00 8.5130730e+00 
3.7913184e+00 8.5519400e+00 
3.7933185e+00 8.5908108e+00 
3.7953186e+00 8.6296844e+00 
3.7973185e+00 8.6685619e+00 
3.7993186e+00 8.7074442e+00 
3.8013186e+00 8.7463284e+00 
3.8033185e+00 8.7852173e+00 
3.8053186e+00 8.8241091e+00 
3.8073184e+00 8.8630047e+00 
3.8093185e+00 8.9019032e+00 
3.8113186e+00 8.9408054e+00 
3.8133185e+00 8.9797106e+00 
3.8153186e+00 9.0186195e+00 
3.8173184e+00 9.0575314e+00 
3.8193185e+00 9.0964451e+00 
3.8213186e+00 9.1353636e+00 
3.8233185e+00 9.1742849e+00 
3.8253186e+00 9.2132082e+00 
3.8273184e+00 9.2521353e+00 
3.8293185e+00 9.2910662e+00 
3.8313186e+00 9.3299990e+00 
3.8333185e+00 9.3689346e+00 
3.8353186e+00 9.4078732e+00 
3.8373184e+00 9.4468145e+00 
3.8393185e+00 9.4857588e+00 
3.8413186e+00 9.5247059e+00 
3.8433185e+00 9.5636549e+00 
3.8453186e+00 9.6026068e+00 
3.8473186e+00 9.6415625e+00 
3.8493185e+00 9.6805201e+00 
3.8513186e+00 9.7194796e+00 
3.8533185e+00 9.7584429e+00 
3.8553185e+00 9.7974081e+00 
3.8573186e+00 9.8363762e+00 
3.8593185e+00 9.8753462e+00 
3.8613186e+00 9.9143181e+00 
3.8633184e+00 9.9532928e+00 
3.8653185e+00 9.9922705e+00 
3.8673186e+00 1.0031250e+01 
3.8693185e+00 1.0070232e+01 
3.8713186e+00 1.0109217e+01 
3.8733184e+00 1.0148203e+01 
3.8753185e+00 1.0187192e+01 
3.8773186e+00 1.0226183e+01 
3.8793185e+00 1.0265176e+01 
3.8813186e+00 1.0304172e+01 
3.8833184e+00 1.0343169e+01 
3.8853185e+00 1.0382168e+01 
3.8873186e+00 1.0421170e+01 
3.8893185e+00 1.0460174e+01 
3.8913186e+00 1.0499180e+01 
3.8933184e+00 1.0538188e+01 
3.8953185e+00 1.0577197e+01 
3.8973186e+00 1.0616209e+01 
3.8993185e+00 1.0655223e+01 
3.9013186e+00 1.0694239e+01 
3.9033186e+00 1.0733256e+01 
3.9053185e+00 1.0772276e+01 
3.9073186e+00 1.0811297e+01 
3.9093184e+00 1.0850320e+01 
3.9113185e+00 1.0889345e+01 
3.9133186e+00 1.0928372e+01 
3.9153185e+00 1.0967401e+01 
3.9173186e+00 1.1006431e+01 
3.9193184e+00 1.1045464e+01 
3.9213185e+00 1.1084497e+01 
3.9233186e+00 1.1123532e+01 
3.9253185e+00 1.1162570e+01 
3.9273186e+00 1.1201609e+01 
3.9293184e+00 1.1240649e+01 
3.9313185e+00 1.1279692e+01 
3.9333186e+00 1.1318736e+01 
3.9353185e+00 1.1357781e+01 
3.9373186e+00 1.1396828e+01 
3.9393184e+00 1.1435877e+01 
3.9413185e+00 1.1474927e+01 
3.9433186e+00 1.1513979e+01 
3.9453185e+00 1.1553032e+01 
3.9473186e+00 1.1592088e+01 
3.9493186e+00 1.1631144e+01 
3.9513185e+00 1.1670201e+01 
3.9533186e+00 1.1709261e+01 
3.9553185e+00 1.1748322e+01 
3.9573185e+00 1.1787384e+01 
3.9593186e+00 1.1826447e+01 
3.9613185e+00 1.1865513e+01 
3.9633186e+00 1.1904578e+01 
3.9653184e+00 1.1943646e+01 
3.9673185e+00 1.1982716e+01 
3.9693186e+00 1.2021787e+01 
3.9713185e+00 1.2060859e+01 
3.9733186e+00 1.2099932e+01 
3.9753184e+00 1.2139007e+01 
3.9773185e+00 1.2178082e+01 
3.9793186e+00 1.2217159e+01 
3.9813185e+00 1.2256238e+01 
3.9833186e+00 1.2295317e+01 
3.9853184e+00 1.2334398e+01 
3.9873185e+00 1.2373481e+01 
3.9893186e+00 1.2412564e+01 
3.9913185e+00 1.2451649e+01 
3.9933186e+00 1.2490734e+01 
3.9953184e+00 1.2529822e+01 
3.9973185e+00 1.2568910e+01 
3.9993186e+00 1.2607999e+01 
4.0013185e+00 1.2647091e+01 
4.0033183e+00 1.2686182e+01 
4.0053186e+00 1.2725275e+01 
4.0073185e+00 1.2764369e+01 
4.0093184e+00 1.2803464e+01 
4.0113187e+00 1.2842560e+01 
4.0133185e+00 1.2881658e+01 
4.0153184e+00 1.2920756e+01 
4.0173187e+00 1.2959856e+01 
4.0193186e+00 1.2998957e+01 
4.0213184e+00 1.3038058e+01 
4.0233188e+00 1.3077161e+01 
4.0253186e+00 1.3116264e+01 
4.0273185e+00 1.3155369e+01 
4.0293183e+00 1.3194475e+01 
4.0313187e+00 1.3233582e+01 
4.0333185e+00 1.3272691e+01 
4.0353184e+00 1.3311799e+01 
4.0373187e+00 1.3350908e+01 
4.0393186e+00 1.3390019e+01 
4.0413184e+00 1.3429132e+01 
4.0433187e+00 1.3468245e+01 
4.0453186e+00 1.3507359e+01 
4.0473185e+00 1.3546474e+01 
4.0493183e+00 1.3585588e+01 
4.0513186e+00 1.3624705e+01 
4.0533185e+00 1.3663823e+01 
4.0553184e+00 1.3702941e+01 
4.0573187e+00 1.3742061e+01 
4.0593185e+00 1.3781180e+01 
4.0613184e+00 1.3820302e+01 
4.0633187e+00 1.3859424e+01 
4.0653186e+00 1.3898547e+01 
4.0673184e+00 1.3937671e+01 
4.0693183e+00 1.3976795e+01 
4.0713186e+00 1.4015921e+01 
4.0733185e+00 1.4055047e+01 
4.0753183e+00 1.4094173e+01 
4.0773187e+00 1.4133303e+01 
4.0793185e+00 1.4172431e+01 
4.0813184e+00 1.4211560e+01 
4.0833187e+00 1.4250691e+01 
4.0853186e+00 1.4289823e+01 
4.0873184e+00 1.4328955e+01 
4.0893188e+00 1.4368088e+01 
4.0913186e+00 1.4407221e+01 
4.0933185e+00 1.4446356e+01 
4.0953183e+00 1.4485492e+01 
4.0973186e+00 1.4524627e+01 
4.0993185e+00 1.4563764e+01 
4.1013184e+00 1.4602901e+01 
4.1033187e+00 1.4642039e+01 
4.1053185e+00 1.4681178e+01 
4.1073184e+00 1.4720318e+01 
4.1093187e+00 1.4759459e+01 
4.1113186e+00 1.4798600e+01 
4.1133184e+00 1.4837742e+01 
4.1153183e+00 1.4876884e+01 
4.1173186e+00 1.4916028e+01 
4.1193185e+00 1.4955173e+01 
4.1213183e+00 1.4994317e+01 
4.1233187e+00 1.5033463e+01 
4.1253185e+00 1.5072608e+01 
4.1273184e+00 1.5111755e+01 
4.1293187e+00 1.5150903e+01 
4.1313186e+00 1.5190051e+01 
4.1333184e+00 1.5229200e+01 
4.1353188e+00 1.5268349e+01 
4.1373186e+00 1.5307499e+01 
4.1393185e+00 1.5346650e+01 
4.1413183e+00 1.5385802e+01 
4.1433187e+00 1.5424953e+01 
4.1453185e+00 1.5464107e+01 
4.1473184e+00 1.5503261e+01 
4.1493187e+00 1.5542414e+01 
4.1504188e+00 1.5563949e+01 
4.1524186e+00 1.5682301e+01 
4.1544185e+00 1.5798547e+01 
4.1564183e+00 1.5910342e+01 
4.1584187e+00 1.6022236e+01 
4.1604185e+00 1.6131903e+01 
4.1624184e+00 1.6237000e+01 
4.1644187e+00 1.6342075e+01 
4.1664186e+00 1.6444807e+01 
4.1684184e+00 1.6545160e+01 
4.1704187e+00 1.6638517e+01 
4.1724186e+00 1.6733971e+01 
4.1744184e+00 1.6826939e+01 
4.1764183e+00 1.6917387e+01 
4.1784186e+00 1.7005283e+01 
4.1804185e+00 1.7085983e+01 
4.1824183e+00 1.7166252e+01 
4.1844187e+00 1.7241421e+01 
4.1864185e+00 1.7318748e+01 
4.1884184e+00 1.7393375e+01 
4.1904187e+00 1.7462976e+01 
4.1924186e+00 1.7529690e+01 
4.1944184e+00 1.7593531e+01 
4.1964188e+00 1.7657078e+01 
4.1984186e+00 1.7717798e+01 
4.2004185e+00 1.7775675e+01 
4.2024183e+00 1.7830685e+01 
4.2044187e+00 1.7882807e+01 
4.2064185e+00 1.7932022e+01 
4.2084184e+00 1.7978312e+01 
4.2104187e+00 1.8021660e+01 
4.2124186e+00 1.8062050e+01 
4.2144184e+00 1.8099466e+01 
4.2164187e+00 1.8133894e+01 
4.2184186e+00 1.8165321e+01 
4.2204185e+00 1.8193739e+01 
4.2224183e+00 1.8219131e+01 
4.2244186e+00 1.8241491e+01 
4.2264185e+00 1.8260809e+01 
4.2284184e+00 1.8277077e+01 
4.2304187e+00 1.8290287e+01 
4.2324185e+00 1.8300436e+01 
4.2344184e+00 1.8307520e+01 
4.2364187e+00 1.8311533e+01 
4.2384186e+00 1.8312471e+01 
4.2404184e+00 1.8310339e+01 
4.2424188e+00 1.8305128e+01 
4.2444186e+00 1.8296846e+01 
4.2464185e+00 1.8285494e+01 
4.2484183e+00 1.8271074e+01 
4.2504187e+00 1.8253588e+01 
4.2524185e+00 1.8233040e+01 
4.2544184e+00 1.8209440e+01 
4.2564187e+00 1.8182795e+01 
4.2584186e+00 1.8153112e+01 
4.2604184e+00 1.8120401e+01 
4.2624187e+00 1.8084669e+01 
4.2644186e+00 1.8045933e+01 
4.2664185e+00 1.8004200e+01 
4.2684183e+00 1.7959486e+01 
4.2704186e+00 1.7911806e+01 
4.2724185e+00 1.7861176e+01 
4.2744184e+00 1.7807610e+01 
4.2764187e+00 1.7751129e+01 
4.2784185e+00 1.7691748e+01 
4.2804184e+00 1.7629490e+01 
4.2824187e+00 1.7564371e+01 
4.2844186e+00 1.7496418e+01 
4.2864184e+00 1.7425652e+01 
4.2884188e+00 1.7352091e+01 
4.2904186e+00 1.7275768e+01 
4.2924185e+00 1.7196701e+01 
4.2944183e+00 1.7114922e+01 
4.2964187e+00 1.7030455e+01 
4.2984185e+00 1.6943333e+01 
4.3004184e+00 1.6853577e+01 
4.3024187e+00 1.6761223e+01 
4.3044186e+00 1.6666300e+01 
4.3064184e+00 1.6568842e+01 
4.3084188e+00 1.6468880e+01 
4.3104186e+00 1.6366446e+01 
4.3124185e+00 1.6261578e+01 
4.3144183e+00 1.6154308e+01 
4.3164186e+00 1.6044674e+01 
4.3184185e+00 1.5932714e+01 
4.3204184e+00 1.5818461e+01 
4.3224187e+00 1.5701959e+01 
4.3244185e+00 1.5583245e+01 
4.3264184e+00 1.5462358e+01 
4.3284187e+00 1.5339340e+01 
4.3304186e+00 1.5214231e+01 
4.3324184e+00 1.5087075e+01 
4.3344183e+00 1.4957915e+01 
4.3364186e+00 1.4826793e+01 
4.3384185e+00 1.4693754e+01 
4.3404183e+00 1.4558843e+01 
4.3424187e+00 1.4422104e+01 
4.3444185e+00 1.4283586e+01 
4.3464184e+00 1.4143332e+01 
4.3484187e+00 1.4001394e+01 
4.3504186e+00 1.3857818e+01 
4.3524184e+00 1.3712649e+01 
4.3544188e+00 1.3565941e+01 
4.3564186e+00 1.3417740e+01 
4.3584185e+00 1.3268097e+01 
4.3604183e+00 1.3117064e+01 
4.3624187e+00 1.2964689e+01 
4.3644185e+00 1.2811026e+01 
4.3664184e+00 1.2656124e+01 
4.3684187e+00 1.2500038e+01 
4.3704185e+00 1.2342820e+01 
4.3724184e+00 1.2184521e+01 
4.3744187e+00 1.2025196e+01 
4.3764186e+00 1.1864899e+01 
4.3784184e+00 1.1703681e+01 
4.3804183e+00 1.1541599e+01 
4.3824186e+00 1.1378707e+01 
4.3844185e+00 1.1215059e+01 
4.3864183e+00 1.1050711e+01 
4.3884187e+00 1.0885715e+01 
4.3904185e+00 1.0720131e+01 
4.3924184e+00 1.0554010e+01 
4.3944187e+00 1.0387411e+01 
4.3964186e+00 1.0220388e+01 
4.3984184e+00 1.0052997e+01 
4.4004188e+00 9.8852930e+00 
4.4024186e+00 9.7173338e+00 
4.4044185e+00 9.5491743e+00 
4.4064183e+00 9.3808718e+00 
4.4078183e+00 9.2630033e+00 
4.4128184e+00 8.9812059e+00 
4.4178185e+00 8.6994629e+00 
4.4228187e+00 8.4177790e+00 
4.4278183e+00 8.1361599e+00 
4.4328184e+00 7.8546133e+00 
4.4378185e+00 7.5731487e+00 
4.4428186e+00 7.2917733e+00 
4.4478188e+00 7.0104995e+00 
4.4528184e+00 6.7293386e+00 
4.4578185e+00 6.4483061e+00 
4.4628186e+00 6.1674199e+00 
4.4678187e+00 5.8867006e+00 
4.4728184e+00 5.6061730e+00 
4.4778185e+00 5.3258677e+00 
4.4828186e+00 5.0458217e+00 
4.4878187e+00 4.7660804e+00 
4.4928184e+00 4.4867020e+00 
4.4978185e+00 4.2077570e+00 
4.5028186e+00 3.9293389e+00 
4.5078187e+00 3.6515677e+00 
4.5128183e+00 3.3746035e+00 
4.5178185e+00 3.0986626e+00 
4.5228186e+00 2.8240449e+00 
4.5278187e+00 2.5511780e+00 
4.5328183e+00 2.2806900e+00 
4.5378184e+00 2.0135398e+00 
4.5428185e+00 1.7512561e+00 
4.5478187e+00 1.4963994e+00 
4.5528183e+00 1.2535083e+00 
4.5578184e+00 1.0310743e+00 
4.5628185e+00 8.4540170e-01 
4.5678186e+00 7.2529477e-01 
4.5716786e+00 6.9977653e-01 
