Position  
0.0000000e+00 1.0000000e+02 
1.0000000e-09 1.0000000e+02 
5.0000010e-03 1.0000000e+02 
1.0000001e-02 1.0000000e+02 
1.5000001e-02 1.0000000e+02 
2.0000001e-02 1.0000000e+02 
2.5000001e-02 1.0000000e+02 
3.0000001e-02 1.0000000e+02 
3.5000001e-02 1.0000000e+02 
4.0000001e-02 1.0000000e+02 
4.5000001e-02 1.0000000e+02 
5.0000001e-02 1.0000000e+02 
5.5000001e-02 1.0000000e+02 
6.0000001e-02 1.0000000e+02 
6.5000001e-02 1.0000000e+02 
7.0000001e-02 1.0000000e+02 
7.5000001e-02 1.0000000e+02 
8.0000001e-02 1.0000000e+02 
8.5000001e-02 1.0000000e+02 
9.0000001e-02 1.0000000e+02 
9.5000001e-02 1.0000000e+02 
1.0000000e-01 1.0000000e+02 
1.0500000e-01 1.0000000e+02 
1.1000000e-01 1.0000000e+02 
1.1500000e-01 1.0000000e+02 
1.2000000e-01 1.0000000e+02 
1.2500000e-01 1.0000000e+02 
1.3000000e-01 1.0000000e+02 
1.3500000e-01 1.0000000e+02 
1.4000000e-01 1.0000000e+02 
1.4500000e-01 1.0000000e+02 
1.5000000e-01 1.0000000e+02 
1.5500000e-01 1.0000000e+02 
1.6000000e-01 1.0000000e+02 
1.6500000e-01 1.0000000e+02 
1.7000000e-01 1.0000000e+02 
1.7500000e-01 1.0000000e+02 
1.8000000e-01 1.0000000e+02 
1.8500000e-01 1.0000000e+02 
1.9000000e-01 1.0000000e+02 
1.9500000e-01 1.0000000e+02 
2.0000000e-01 1.0000000e+02 
2.0500000e-01 1.0000000e+02 
2.1000000e-01 1.0000000e+02 
2.1500000e-01 1.0000000e+02 
2.2000000e-01 1.0000000e+02 
2.2500000e-01 1.0000000e+02 
2.3000000e-01 1.0000000e+02 
2.3500000e-01 1.0000000e+02 
2.4000000e-01 1.0000000e+02 
2.4500000e-01 1.0000000e+02 
2.5000000e-01 1.0000000e+02 
2.5500000e-01 1.0000000e+02 
2.6000000e-01 1.0000000e+02 
2.6000000e-01 1.0000000e+02 
2.6250000e-01 1.0000000e+02 
2.6250000e-01 1.0000000e+02 
2.6750000e-01 1.0000000e+02 
2.7250000e-01 1.0000000e+02 
2.7750000e-01 1.0000000e+02 
2.8250000e-01 1.0000000e+02 
2.8750000e-01 1.0000000e+02 
2.9250000e-01 1.0000000e+02 
2.9750000e-01 1.0000000e+02 
3.0250000e-01 1.0000000e+02 
3.0750000e-01 1.0000000e+02 
3.1250000e-01 1.0000000e+02 
3.1750000e-01 1.0000000e+02 
3.2250000e-01 1.0000000e+02 
3.2750000e-01 1.0000000e+02 
3.3250000e-01 1.0000000e+02 
3.3750000e-01 1.0000000e+02 
3.4250000e-01 1.0000000e+02 
3.4750000e-01 1.0000000e+02 
3.5250000e-01 1.0000000e+02 
3.5750000e-01 1.0000000e+02 
3.6250000e-01 1.0000000e+02 
3.6750000e-01 1.0000000e+02 
3.7250000e-01 1.0000000e+02 
3.7750000e-01 1.0000000e+02 
3.8250000e-01 1.0000000e+02 
3.8750000e-01 1.0000000e+02 
3.9250000e-01 1.0000000e+02 
3.9750000e-01 1.0000000e+02 
4.0250000e-01 1.0000000e+02 
4.0750000e-01 1.0000000e+02 
4.1250000e-01 1.0000000e+02 
4.1750000e-01 1.0000000e+02 
4.2250000e-01 1.0000000e+02 
4.2750000e-01 1.0000000e+02 
4.3250000e-01 1.0000000e+02 
4.3750000e-01 1.0000000e+02 
4.4250000e-01 1.0000000e+02 
4.4750000e-01 1.0000000e+02 
4.5250000e-01 1.0000000e+02 
4.5750000e-01 1.0000000e+02 
4.6250000e-01 1.0000000e+02 
4.6750000e-01 1.0000000e+02 
4.7250000e-01 1.0000000e+02 
4.7750000e-01 1.0000000e+02 
4.8250000e-01 1.0000000e+02 
4.8750000e-01 1.0000000e+02 
4.9250000e-01 1.0000000e+02 
4.9750000e-01 1.0000000e+02 
5.0250000e-01 1.0000000e+02 
5.0750000e-01 1.0000000e+02 
5.1250000e-01 1.0000000e+02 
5.1750000e-01 1.0000000e+02 
5.2250000e-01 1.0000000e+02 
5.2750000e-01 1.0000000e+02 
5.3250000e-01 1.0000000e+02 
5.3750000e-01 1.0000000e+02 
5.4250000e-01 1.0000000e+02 
5.4750000e-01 1.0000000e+02 
5.5250000e-01 1.0000000e+02 
5.5750000e-01 1.0000000e+02 
5.6250000e-01 1.0000000e+02 
5.6750000e-01 1.0000000e+02 
5.7250000e-01 1.0000000e+02 
5.7750000e-01 1.0000000e+02 
5.8250000e-01 1.0000000e+02 
5.8750000e-01 1.0000000e+02 
5.9250000e-01 1.0000000e+02 
5.9750000e-01 1.0000000e+02 
6.0000000e-01 1.0000000e+02 
6.0000000e-01 1.0000000e+02 
6.0000000e-01 1.0000000e+02 
6.0000000e-01 1.0000000e+02 
6.0628319e-01 1.0000000e+02 
6.0628319e-01 1.0000000e+02 
6.0628319e-01 1.0000000e+02 
6.1256637e-01 1.0000000e+02 
6.1256637e-01 1.0000000e+02 
6.1256637e-01 1.0000000e+02 
6.1884956e-01 1.0000000e+02 
6.1884956e-01 1.0000000e+02 
6.1884956e-01 1.0000000e+02 
6.2513274e-01 1.0000000e+02 
6.2513274e-01 1.0000000e+02 
6.2513274e-01 1.0000000e+02 
6.3141593e-01 1.0000000e+02 
6.3141593e-01 1.0000000e+02 
6.3141593e-01 1.0000000e+02 
6.3769911e-01 1.0000000e+02 
6.3769911e-01 1.0000000e+02 
6.3769911e-01 1.0000000e+02 
6.4398230e-01 1.0000000e+02 
6.4398230e-01 1.0000000e+02 
6.4398230e-01 1.0000000e+02 
6.5026548e-01 1.0000000e+02 
6.5026548e-01 1.0000000e+02 
6.5026548e-01 1.0000000e+02 
6.5654867e-01 1.0000000e+02 
6.5654867e-01 1.0000000e+02 
6.5654867e-01 1.0000000e+02 
6.6283185e-01 1.0000000e+02 
6.6283185e-01 1.0000000e+02 
6.6283185e-01 1.0000000e+02 
6.6911504e-01 1.0000000e+02 
6.6911504e-01 1.0000000e+02 
6.6911504e-01 1.0000000e+02 
6.7539822e-01 1.0000000e+02 
6.7539822e-01 1.0000000e+02 
6.7539822e-01 1.0000000e+02 
6.8168141e-01 1.0000000e+02 
6.8168141e-01 1.0000000e+02 
6.8168141e-01 1.0000000e+02 
6.8796460e-01 1.0000000e+02 
6.8796460e-01 1.0000000e+02 
6.8796460e-01 1.0000000e+02 
6.9424778e-01 1.0000000e+02 
6.9424778e-01 1.0000000e+02 
6.9424778e-01 1.0000000e+02 
7.0053097e-01 1.0000000e+02 
7.0053097e-01 1.0000000e+02 
7.0053097e-01 1.0000000e+02 
7.0681415e-01 1.0000000e+02 
7.0681415e-01 1.0000000e+02 
7.0681415e-01 1.0000000e+02 
7.1309734e-01 1.0000000e+02 
7.1309734e-01 1.0000000e+02 
7.1309734e-01 1.0000000e+02 
7.1938052e-01 1.0000000e+02 
7.1938052e-01 1.0000000e+02 
7.1938052e-01 1.0000000e+02 
7.2566371e-01 1.0000000e+02 
7.2566371e-01 1.0000000e+02 
7.2566371e-01 1.0000000e+02 
7.3194689e-01 1.0000000e+02 
7.3194689e-01 1.0000000e+02 
7.3194689e-01 1.0000000e+02 
7.3823008e-01 1.0000000e+02 
7.3823008e-01 1.0000000e+02 
7.3823008e-01 1.0000000e+02 
7.4451326e-01 1.0000000e+02 
7.4451326e-01 1.0000000e+02 
7.4451326e-01 1.0000000e+02 
7.5079645e-01 1.0000000e+02 
7.5079645e-01 1.0000000e+02 
7.5079645e-01 1.0000000e+02 
7.5707963e-01 1.0000000e+02 
7.5707963e-01 1.0000000e+02 
7.5707963e-01 1.0000000e+02 
7.6336282e-01 1.0000000e+02 
7.6336282e-01 1.0000000e+02 
7.6336282e-01 1.0000000e+02 
7.6964600e-01 1.0000000e+02 
7.6964600e-01 1.0000000e+02 
7.6964600e-01 1.0000000e+02 
7.7592919e-01 1.0000000e+02 
7.7592919e-01 1.0000000e+02 
7.7592919e-01 1.0000000e+02 
7.8221237e-01 1.0000000e+02 
7.8221237e-01 1.0000000e+02 
7.8221237e-01 1.0000000e+02 
7.8849556e-01 1.0000000e+02 
7.8849556e-01 1.0000000e+02 
7.8849556e-01 1.0000000e+02 
7.9477875e-01 1.0000000e+02 
7.9477875e-01 1.0000000e+02 
7.9477875e-01 1.0000000e+02 
8.0106193e-01 1.0000000e+02 
8.0106193e-01 1.0000000e+02 
8.0106193e-01 1.0000000e+02 
8.0734512e-01 1.0000000e+02 
8.0734512e-01 1.0000000e+02 
8.0734512e-01 1.0000000e+02 
8.1362830e-01 1.0000000e+02 
8.1362830e-01 1.0000000e+02 
8.1362830e-01 1.0000000e+02 
8.1991149e-01 1.0000000e+02 
8.1991149e-01 1.0000000e+02 
8.1991149e-01 1.0000000e+02 
8.2619467e-01 1.0000000e+02 
8.2619467e-01 1.0000000e+02 
8.2619467e-01 1.0000000e+02 
8.3247786e-01 1.0000000e+02 
8.3247786e-01 1.0000000e+02 
8.3247786e-01 1.0000000e+02 
8.3876104e-01 1.0000000e+02 
8.3876104e-01 1.0000000e+02 
8.3876104e-01 1.0000000e+02 
8.4504423e-01 1.0000000e+02 
8.4504423e-01 1.0000000e+02 
8.4504423e-01 1.0000000e+02 
8.5132741e-01 1.0000000e+02 
8.5132741e-01 1.0000000e+02 
8.5132741e-01 1.0000000e+02 
8.5761060e-01 1.0000000e+02 
8.5761060e-01 1.0000000e+02 
8.5761060e-01 1.0000000e+02 
8.6389378e-01 1.0000000e+02 
8.6389378e-01 1.0000000e+02 
8.6389378e-01 1.0000000e+02 
8.7017697e-01 1.0000000e+02 
8.7017697e-01 1.0000000e+02 
8.7017697e-01 1.0000000e+02 
8.7646015e-01 1.0000000e+02 
8.7646015e-01 1.0000000e+02 
8.7646015e-01 1.0000000e+02 
8.8274334e-01 1.0000000e+02 
8.8274334e-01 1.0000000e+02 
8.8274334e-01 1.0000000e+02 
8.8902653e-01 1.0000000e+02 
8.8902653e-01 1.0000000e+02 
8.8902653e-01 1.0000000e+02 
8.9530971e-01 1.0000000e+02 
8.9530971e-01 1.0000000e+02 
8.9530971e-01 1.0000000e+02 
9.0159290e-01 1.0000000e+02 
9.0159290e-01 1.0000000e+02 
9.0159290e-01 1.0000000e+02 
9.0787608e-01 1.0000000e+02 
9.0787608e-01 1.0000000e+02 
9.0787608e-01 1.0000000e+02 
9.1415927e-01 1.0000000e+02 
9.1415927e-01 1.0000000e+02 
9.1415927e-01 1.0000000e+02 
9.2044245e-01 1.0000000e+02 
9.2044245e-01 1.0000000e+02 
9.2044245e-01 1.0000000e+02 
9.2672564e-01 1.0000000e+02 
9.2672564e-01 1.0000000e+02 
9.2672564e-01 1.0000000e+02 
9.3300882e-01 1.0000000e+02 
9.3300882e-01 1.0000000e+02 
9.3300882e-01 1.0000000e+02 
9.3929201e-01 1.0000000e+02 
9.3929201e-01 1.0000000e+02 
9.3929201e-01 1.0000000e+02 
9.4557519e-01 1.0000000e+02 
9.4557519e-01 1.0000000e+02 
9.4557519e-01 1.0000000e+02 
9.5185838e-01 1.0000000e+02 
9.5185838e-01 1.0000000e+02 
9.5185838e-01 1.0000000e+02 
9.5814156e-01 1.0000000e+02 
9.5814156e-01 1.0000000e+02 
9.5814156e-01 1.0000000e+02 
9.6442475e-01 1.0000000e+02 
9.6442475e-01 1.0000000e+02 
9.6442475e-01 1.0000000e+02 
9.7070793e-01 1.0000000e+02 
9.7070793e-01 1.0000000e+02 
9.7070793e-01 1.0000000e+02 
9.7699112e-01 1.0000000e+02 
9.7699112e-01 1.0000000e+02 
9.7699112e-01 1.0000000e+02 
9.8327430e-01 1.0000000e+02 
9.8327430e-01 1.0000000e+02 
9.8327430e-01 1.0000000e+02 
9.8955749e-01 1.0000000e+02 
9.8955749e-01 1.0000000e+02 
9.8955749e-01 1.0000000e+02 
9.9584068e-01 1.0000000e+02 
9.9584068e-01 1.0000000e+02 
9.9584068e-01 1.0000000e+02 
1.0021239e+00 1.0000000e+02 
1.0021239e+00 1.0000000e+02 
1.0021239e+00 1.0000000e+02 
1.0084070e+00 1.0000000e+02 
1.0084070e+00 1.0000000e+02 
1.0084070e+00 1.0000000e+02 
1.0146902e+00 1.0000000e+02 
1.0146902e+00 1.0000000e+02 
1.0146902e+00 1.0000000e+02 
1.0209734e+00 1.0000000e+02 
1.0209734e+00 1.0000000e+02 
1.0209734e+00 1.0000000e+02 
1.0272566e+00 1.0000000e+02 
1.0272566e+00 1.0000000e+02 
1.0272566e+00 1.0000000e+02 
1.0335398e+00 1.0000000e+02 
1.0335398e+00 1.0000000e+02 
1.0335398e+00 1.0000000e+02 
1.0398230e+00 1.0000000e+02 
1.0398230e+00 1.0000000e+02 
1.0398230e+00 1.0000000e+02 
1.0461062e+00 1.0000000e+02 
1.0461062e+00 1.0000000e+02 
1.0461062e+00 1.0000000e+02 
1.0523893e+00 1.0000000e+02 
1.0523893e+00 1.0000000e+02 
1.0523893e+00 1.0000000e+02 
1.0586725e+00 1.0000000e+02 
1.0586725e+00 1.0000000e+02 
1.0586725e+00 1.0000000e+02 
1.0649557e+00 1.0000000e+02 
1.0649557e+00 1.0000000e+02 
1.0649557e+00 1.0000000e+02 
1.0712389e+00 1.0000000e+02 
1.0712389e+00 1.0000000e+02 
1.0712389e+00 1.0000000e+02 
1.0775221e+00 1.0000000e+02 
1.0775221e+00 1.0000000e+02 
1.0775221e+00 1.0000000e+02 
1.0838053e+00 1.0000000e+02 
1.0838053e+00 1.0000000e+02 
1.0838053e+00 1.0000000e+02 
1.0900885e+00 1.0000000e+02 
1.0900885e+00 1.0000000e+02 
1.0900885e+00 1.0000000e+02 
1.0963716e+00 1.0000000e+02 
1.0963716e+00 1.0000000e+02 
1.0963716e+00 1.0000000e+02 
1.1026548e+00 1.0000000e+02 
1.1026548e+00 1.0000000e+02 
1.1026548e+00 1.0000000e+02 
1.1089380e+00 1.0000000e+02 
1.1089380e+00 1.0000000e+02 
1.1089380e+00 1.0000000e+02 
1.1152212e+00 1.0000000e+02 
1.1152212e+00 1.0000000e+02 
1.1152212e+00 1.0000000e+02 
1.1215044e+00 1.0000000e+02 
1.1215044e+00 1.0000000e+02 
1.1215044e+00 1.0000000e+02 
1.1277876e+00 1.0000000e+02 
1.1277876e+00 1.0000000e+02 
1.1277876e+00 1.0000000e+02 
1.1340708e+00 1.0000000e+02 
1.1340708e+00 1.0000000e+02 
1.1340708e+00 1.0000000e+02 
1.1403539e+00 1.0000000e+02 
1.1403539e+00 1.0000000e+02 
1.1403539e+00 1.0000000e+02 
1.1466371e+00 1.0000000e+02 
1.1466371e+00 1.0000000e+02 
1.1466371e+00 1.0000000e+02 
1.1529203e+00 1.0000000e+02 
1.1529203e+00 1.0000000e+02 
1.1529203e+00 1.0000000e+02 
1.1592035e+00 1.0000000e+02 
1.1592035e+00 1.0000000e+02 
1.1592035e+00 1.0000000e+02 
1.1654867e+00 1.0000000e+02 
1.1654867e+00 1.0000000e+02 
1.1654867e+00 1.0000000e+02 
1.1717699e+00 1.0000000e+02 
1.1717699e+00 1.0000000e+02 
1.1717699e+00 1.0000000e+02 
1.1780530e+00 1.0000000e+02 
1.1780530e+00 1.0000000e+02 
1.1780530e+00 1.0000000e+02 
1.1843362e+00 1.0000000e+02 
1.1843362e+00 1.0000000e+02 
1.1843362e+00 1.0000000e+02 
1.1906194e+00 1.0000000e+02 
1.1906194e+00 1.0000000e+02 
1.1906194e+00 1.0000000e+02 
1.1969026e+00 1.0000000e+02 
1.1969026e+00 1.0000000e+02 
1.1969026e+00 1.0000000e+02 
1.2031858e+00 1.0000000e+02 
1.2031858e+00 1.0000000e+02 
1.2031858e+00 1.0000000e+02 
1.2094690e+00 1.0000000e+02 
1.2094690e+00 1.0000000e+02 
1.2094690e+00 1.0000000e+02 
1.2157522e+00 1.0000000e+02 
1.2157522e+00 1.0000000e+02 
1.2157522e+00 1.0000000e+02 
1.2220353e+00 1.0000000e+02 
1.2220353e+00 1.0000000e+02 
1.2220353e+00 1.0000000e+02 
1.2283185e+00 1.0000000e+02 
1.2283185e+00 1.0000000e+02 
1.2283185e+00 1.0000000e+02 
1.2333185e+00 1.0000000e+02 
1.2383185e+00 1.0000000e+02 
1.2433185e+00 1.0000000e+02 
1.2483185e+00 1.0000000e+02 
1.2533185e+00 1.0000000e+02 
1.2583185e+00 1.0000000e+02 
1.2633185e+00 1.0000000e+02 
1.2683185e+00 1.0000000e+02 
1.2733185e+00 1.0000000e+02 
1.2783185e+00 1.0000000e+02 
1.2833185e+00 1.0000000e+02 
1.2883185e+00 1.0000000e+02 
1.2933185e+00 1.0000000e+02 
1.2983185e+00 1.0000000e+02 
1.3033185e+00 1.0000000e+02 
1.3083185e+00 1.0000000e+02 
1.3133185e+00 1.0000000e+02 
1.3183185e+00 1.0000000e+02 
1.3233185e+00 1.0000000e+02 
1.3283185e+00 1.0000000e+02 
1.3333185e+00 1.0000000e+02 
1.3383185e+00 1.0000000e+02 
1.3433185e+00 1.0000000e+02 
1.3483185e+00 1.0000000e+02 
1.3533185e+00 1.0000000e+02 
1.3583185e+00 1.0000000e+02 
1.3633185e+00 1.0000000e+02 
1.3683185e+00 1.0000000e+02 
1.3733185e+00 1.0000000e+02 
1.3783185e+00 1.0000000e+02 
1.3833185e+00 1.0000000e+02 
1.3883185e+00 1.0000000e+02 
1.3933185e+00 1.0000000e+02 
1.3983185e+00 1.0000000e+02 
1.4033185e+00 1.0000000e+02 
1.4083185e+00 1.0000000e+02 
1.4133185e+00 1.0000000e+02 
1.4183185e+00 1.0000000e+02 
1.4233185e+00 1.0000000e+02 
1.4283185e+00 1.0000000e+02 
1.4333185e+00 1.0000000e+02 
1.4363185e+00 1.0000000e+02 
1.4373185e+00 1.0000000e+02 
1.4383185e+00 1.0000000e+02 
1.4393185e+00 1.0000000e+02 
1.4403185e+00 1.0000000e+02 
1.4413185e+00 1.0000000e+02 
1.4423185e+00 1.0000000e+02 
1.4433185e+00 1.0000000e+02 
1.4443185e+00 1.0000000e+02 
1.4453185e+00 1.0000000e+02 
1.4463185e+00 1.0000000e+02 
1.4473185e+00 1.0000000e+02 
1.4483185e+00 1.0000000e+02 
1.4493185e+00 1.0000000e+02 
1.4503185e+00 1.0000000e+02 
1.4513185e+00 1.0000000e+02 
1.4523185e+00 1.0000000e+02 
1.4533185e+00 1.0000000e+02 
1.4543185e+00 1.0000000e+02 
1.4553185e+00 1.0000000e+02 
1.4563185e+00 1.0000000e+02 
1.4573185e+00 1.0000000e+02 
1.4583185e+00 1.0000000e+02 
1.4593185e+00 1.0000000e+02 
1.4603185e+00 1.0000000e+02 
1.4613185e+00 1.0000000e+02 
1.4623185e+00 1.0000000e+02 
1.4633185e+00 1.0000000e+02 
1.4643185e+00 1.0000000e+02 
1.4653185e+00 1.0000000e+02 
1.4663185e+00 1.0000000e+02 
1.4673185e+00 1.0000000e+02 
1.4683185e+00 1.0000000e+02 
1.4693185e+00 1.0000000e+02 
1.4703185e+00 1.0000000e+02 
1.4713185e+00 1.0000000e+02 
1.4723185e+00 1.0000000e+02 
1.4733185e+00 1.0000000e+02 
1.4743185e+00 1.0000000e+02 
1.4753185e+00 1.0000000e+02 
1.4763185e+00 1.0000000e+02 
1.4773185e+00 1.0000000e+02 
1.4783185e+00 1.0000000e+02 
1.4793185e+00 1.0000000e+02 
1.4803185e+00 1.0000000e+02 
1.4813185e+00 1.0000000e+02 
1.4823185e+00 1.0000000e+02 
1.4833185e+00 1.0000000e+02 
1.4843185e+00 1.0000000e+02 
1.4853185e+00 1.0000000e+02 
1.4863185e+00 1.0000000e+02 
1.4873185e+00 1.0000000e+02 
1.4883185e+00 1.0000000e+02 
1.4893185e+00 1.0000000e+02 
1.4903185e+00 1.0000000e+02 
1.4913185e+00 1.0000000e+02 
1.4923185e+00 1.0000000e+02 
1.4933185e+00 1.0000000e+02 
1.4943185e+00 1.0000000e+02 
1.4953185e+00 1.0000000e+02 
1.4963185e+00 1.0000000e+02 
1.4973185e+00 1.0000000e+02 
1.4983185e+00 1.0000000e+02 
1.4993185e+00 1.0000000e+02 
1.5003185e+00 1.0000000e+02 
1.5013185e+00 1.0000000e+02 
1.5023185e+00 1.0000000e+02 
1.5033185e+00 1.0000000e+02 
1.5043185e+00 1.0000000e+02 
1.5053185e+00 1.0000000e+02 
1.5063185e+00 1.0000000e+02 
1.5073185e+00 1.0000000e+02 
1.5083185e+00 1.0000000e+02 
1.5093185e+00 1.0000000e+02 
1.5103185e+00 1.0000000e+02 
1.5113185e+00 1.0000000e+02 
1.5123185e+00 1.0000000e+02 
1.5133185e+00 1.0000000e+02 
1.5143185e+00 1.0000000e+02 
1.5153185e+00 1.0000000e+02 
1.5163185e+00 1.0000000e+02 
1.5173185e+00 1.0000000e+02 
1.5183185e+00 1.0000000e+02 
1.5193185e+00 1.0000000e+02 
1.5203185e+00 1.0000000e+02 
1.5213185e+00 1.0000000e+02 
1.5223185e+00 1.0000000e+02 
1.5233185e+00 1.0000000e+02 
1.5243185e+00 1.0000000e+02 
1.5253185e+00 1.0000000e+02 
1.5263185e+00 1.0000000e+02 
1.5273185e+00 1.0000000e+02 
1.5283185e+00 1.0000000e+02 
1.5293185e+00 1.0000000e+02 
1.5303185e+00 1.0000000e+02 
1.5313185e+00 1.0000000e+02 
1.5323185e+00 1.0000000e+02 
1.5333185e+00 1.0000000e+02 
1.5343185e+00 1.0000000e+02 
1.5353185e+00 1.0000000e+02 
1.5363185e+00 1.0000000e+02 
1.5373185e+00 1.0000000e+02 
1.5383185e+00 1.0000000e+02 
1.5393185e+00 1.0000000e+02 
1.5403185e+00 1.0000000e+02 
1.5413185e+00 1.0000000e+02 
1.5423185e+00 1.0000000e+02 
1.5433185e+00 1.0000000e+02 
1.5443185e+00 1.0000000e+02 
1.5453185e+00 1.0000000e+02 
1.5463185e+00 1.0000000e+02 
1.5473185e+00 1.0000000e+02 
1.5483185e+00 1.0000000e+02 
1.5493185e+00 1.0000000e+02 
1.5503185e+00 1.0000000e+02 
1.5513185e+00 1.0000000e+02 
1.5523185e+00 1.0000000e+02 
1.5533185e+00 1.0000000e+02 
1.5543185e+00 1.0000000e+02 
1.5553185e+00 1.0000000e+02 
1.5563185e+00 1.0000000e+02 
1.5573185e+00 1.0000000e+02 
1.5583185e+00 1.0000000e+02 
1.5593185e+00 1.0000000e+02 
1.5603185e+00 1.0000000e+02 
1.5613185e+00 1.0000000e+02 
1.5623185e+00 1.0000000e+02 
1.5633185e+00 1.0000000e+02 
1.5643185e+00 1.0000000e+02 
1.5653185e+00 1.0000000e+02 
1.5663185e+00 1.0000000e+02 
1.5673185e+00 1.0000000e+02 
1.5683185e+00 1.0000000e+02 
1.5693185e+00 1.0000000e+02 
1.5703185e+00 1.0000000e+02 
1.5713185e+00 1.0000000e+02 
1.5723185e+00 1.0000000e+02 
1.5733185e+00 1.0000000e+02 
1.5743185e+00 1.0000000e+02 
1.5753185e+00 1.0000000e+02 
1.5763185e+00 1.0000000e+02 
1.5773185e+00 1.0000000e+02 
1.5783185e+00 1.0000000e+02 
1.5793185e+00 1.0000000e+02 
1.5803185e+00 1.0000000e+02 
1.5813185e+00 1.0000000e+02 
1.5823185e+00 1.0000000e+02 
1.5833185e+00 1.0000000e+02 
1.5843185e+00 1.0000000e+02 
1.5853185e+00 1.0000000e+02 
1.5863185e+00 1.0000000e+02 
1.5883185e+00 1.0000000e+02 
1.5903185e+00 1.0000000e+02 
1.5923185e+00 1.0000000e+02 
1.5943185e+00 1.0000000e+02 
1.5963185e+00 1.0000000e+02 
1.5983185e+00 1.0000000e+02 
1.6003185e+00 1.0000000e+02 
1.6023185e+00 1.0000000e+02 
1.6043185e+00 1.0000000e+02 
1.6063185e+00 1.0000000e+02 
1.6083185e+00 1.0000000e+02 
1.6103185e+00 1.0000000e+02 
1.6123185e+00 1.0000000e+02 
1.6143185e+00 1.0000000e+02 
1.6163185e+00 1.0000000e+02 
1.6183185e+00 1.0000000e+02 
1.6203185e+00 1.0000000e+02 
1.6223185e+00 1.0000000e+02 
1.6243185e+00 1.0000000e+02 
1.6263185e+00 1.0000000e+02 
1.6283185e+00 1.0000000e+02 
1.6303185e+00 1.0000000e+02 
1.6323185e+00 1.0000000e+02 
1.6343185e+00 1.0000000e+02 
1.6363185e+00 1.0000000e+02 
1.6383185e+00 1.0000000e+02 
1.6403185e+00 1.0000000e+02 
1.6423185e+00 1.0000000e+02 
1.6443185e+00 1.0000000e+02 
1.6463185e+00 1.0000000e+02 
1.6483185e+00 1.0000000e+02 
1.6503185e+00 1.0000000e+02 
1.6523185e+00 1.0000000e+02 
1.6543185e+00 1.0000000e+02 
1.6563185e+00 1.0000000e+02 
1.6583185e+00 1.0000000e+02 
1.6603185e+00 1.0000000e+02 
1.6623185e+00 1.0000000e+02 
1.6643185e+00 1.0000000e+02 
1.6663185e+00 1.0000000e+02 
1.6683185e+00 1.0000000e+02 
1.6703185e+00 1.0000000e+02 
1.6723185e+00 1.0000000e+02 
1.6743185e+00 1.0000000e+02 
1.6763185e+00 1.0000000e+02 
1.6783185e+00 1.0000000e+02 
1.6803185e+00 1.0000000e+02 
1.6823185e+00 1.0000000e+02 
1.6843185e+00 1.0000000e+02 
1.6863185e+00 1.0000000e+02 
1.6883185e+00 1.0000000e+02 
1.6903185e+00 1.0000000e+02 
1.6923185e+00 1.0000000e+02 
1.6943185e+00 1.0000000e+02 
1.6963185e+00 1.0000000e+02 
1.6983185e+00 1.0000000e+02 
1.7003185e+00 1.0000000e+02 
1.7023185e+00 1.0000000e+02 
1.7043185e+00 1.0000000e+02 
1.7063185e+00 1.0000000e+02 
1.7083185e+00 1.0000000e+02 
1.7103185e+00 1.0000000e+02 
1.7123185e+00 1.0000000e+02 
1.7143185e+00 1.0000000e+02 
1.7163185e+00 1.0000000e+02 
1.7183185e+00 1.0000000e+02 
1.7203185e+00 1.0000000e+02 
1.7223185e+00 1.0000000e+02 
1.7243185e+00 1.0000000e+02 
1.7263185e+00 1.0000000e+02 
1.7263185e+00 1.0000000e+02 
1.7273185e+00 1.0000000e+02 
1.7283185e+00 1.0000000e+02 
1.7293185e+00 1.0000000e+02 
1.7303185e+00 1.0000000e+02 
1.7313185e+00 1.0000000e+02 
1.7323185e+00 1.0000000e+02 
1.7333185e+00 1.0000000e+02 
1.7343185e+00 1.0000000e+02 
1.7353185e+00 1.0000000e+02 
1.7363185e+00 1.0000000e+02 
1.7373185e+00 1.0000000e+02 
1.7383185e+00 1.0000000e+02 
1.7393185e+00 1.0000000e+02 
1.7403185e+00 1.0000000e+02 
1.7413185e+00 1.0000000e+02 
1.7423185e+00 1.0000000e+02 
1.7433185e+00 1.0000000e+02 
1.7483185e+00 1.0000000e+02 
1.7533185e+00 1.0000000e+02 
1.7583185e+00 1.0000000e+02 
1.7633185e+00 1.0000000e+02 
1.7683185e+00 1.0000000e+02 
1.7733185e+00 1.0000000e+02 
1.7783185e+00 1.0000000e+02 
1.7833185e+00 1.0000000e+02 
1.7883185e+00 1.0000000e+02 
1.7933185e+00 1.0000000e+02 
1.7983185e+00 1.0000000e+02 
1.8033185e+00 1.0000000e+02 
1.8083185e+00 1.0000000e+02 
1.8133185e+00 1.0000000e+02 
1.8183185e+00 1.0000000e+02 
1.8233185e+00 1.0000000e+02 
1.8283185e+00 1.0000000e+02 
1.8333185e+00 1.0000000e+02 
1.8383185e+00 1.0000000e+02 
1.8433185e+00 1.0000000e+02 
1.8483185e+00 1.0000000e+02 
1.8533185e+00 1.0000000e+02 
1.8583185e+00 1.0000000e+02 
1.8633185e+00 1.0000000e+02 
1.8683185e+00 1.0000000e+02 
1.8733185e+00 1.0000000e+02 
1.8783185e+00 1.0000000e+02 
1.8833185e+00 1.0000000e+02 
1.8883185e+00 1.0000000e+02 
1.8933185e+00 1.0000000e+02 
1.8983185e+00 1.0000000e+02 
1.9033185e+00 1.0000000e+02 
1.9083185e+00 1.0000000e+02 
1.9133185e+00 1.0000000e+02 
1.9183185e+00 1.0000000e+02 
1.9233185e+00 1.0000000e+02 
1.9283185e+00 1.0000000e+02 
1.9333185e+00 1.0000000e+02 
1.9383185e+00 1.0000000e+02 
1.9433185e+00 1.0000000e+02 
1.9483185e+00 1.0000000e+02 
1.9533185e+00 1.0000000e+02 
1.9583185e+00 1.0000000e+02 
1.9633185e+00 1.0000000e+02 
1.9683185e+00 1.0000000e+02 
1.9733185e+00 1.0000000e+02 
1.9783185e+00 1.0000000e+02 
1.9833185e+00 1.0000000e+02 
1.9883185e+00 1.0000000e+02 
1.9933185e+00 1.0000000e+02 
1.9983185e+00 1.0000000e+02 
2.0033185e+00 1.0000000e+02 
2.0083185e+00 1.0000000e+02 
2.0133185e+00 1.0000000e+02 
2.0183185e+00 1.0000000e+02 
2.0233185e+00 1.0000000e+02 
2.0283185e+00 1.0000000e+02 
2.0333185e+00 1.0000000e+02 
2.0383185e+00 1.0000000e+02 
2.0433185e+00 1.0000000e+02 
2.0483185e+00 1.0000000e+02 
2.0533185e+00 1.0000000e+02 
2.0583185e+00 1.0000000e+02 
2.0633185e+00 1.0000000e+02 
2.0683185e+00 1.0000000e+02 
2.0733185e+00 1.0000000e+02 
2.0783185e+00 1.0000000e+02 
2.0833185e+00 1.0000000e+02 
2.0883185e+00 1.0000000e+02 
2.0933185e+00 1.0000000e+02 
2.0983185e+00 1.0000000e+02 
2.1033185e+00 1.0000000e+02 
2.1083185e+00 1.0000000e+02 
2.1133185e+00 1.0000000e+02 
2.1183185e+00 1.0000000e+02 
2.1233185e+00 1.0000000e+02 
2.1283185e+00 1.0000000e+02 
2.1333185e+00 1.0000000e+02 
2.1383185e+00 1.0000000e+02 
2.1433185e+00 1.0000000e+02 
2.1483185e+00 1.0000000e+02 
2.1533185e+00 1.0000000e+02 
2.1583185e+00 1.0000000e+02 
2.1633185e+00 1.0000000e+02 
2.1683185e+00 1.0000000e+02 
2.1733185e+00 1.0000000e+02 
2.1783185e+00 1.0000000e+02 
2.1833185e+00 1.0000000e+02 
2.1883185e+00 1.0000000e+02 
2.1933185e+00 1.0000000e+02 
2.1983185e+00 1.0000000e+02 
2.2033185e+00 1.0000000e+02 
2.2083185e+00 1.0000000e+02 
2.2133185e+00 1.0000000e+02 
2.2183185e+00 1.0000000e+02 
2.2233185e+00 1.0000000e+02 
2.2283185e+00 1.0000000e+02 
2.2333185e+00 1.0000000e+02 
2.2383185e+00 1.0000000e+02 
2.2433185e+00 1.0000000e+02 
2.2483185e+00 1.0000000e+02 
2.2533185e+00 1.0000000e+02 
2.2583185e+00 1.0000000e+02 
2.2633185e+00 1.0000000e+02 
2.2683185e+00 1.0000000e+02 
2.2733185e+00 1.0000000e+02 
2.2783185e+00 1.0000000e+02 
2.2833185e+00 1.0000000e+02 
2.2883185e+00 1.0000000e+02 
2.2933185e+00 1.0000000e+02 
2.2983185e+00 1.0000000e+02 
2.3033185e+00 1.0000000e+02 
2.3083185e+00 1.0000000e+02 
2.3133185e+00 1.0000000e+02 
2.3183185e+00 1.0000000e+02 
2.3233185e+00 1.0000000e+02 
2.3283185e+00 1.0000000e+02 
2.3333185e+00 1.0000000e+02 
2.3383185e+00 1.0000000e+02 
2.3433185e+00 1.0000000e+02 
2.3483185e+00 1.0000000e+02 
2.3533185e+00 1.0000000e+02 
2.3583185e+00 1.0000000e+02 
2.3633185e+00 1.0000000e+02 
2.3683185e+00 1.0000000e+02 
2.3733185e+00 1.0000000e+02 
2.3783185e+00 1.0000000e+02 
2.3833185e+00 1.0000000e+02 
2.3883185e+00 1.0000000e+02 
2.3933185e+00 1.0000000e+02 
2.3983185e+00 1.0000000e+02 
2.4033185e+00 1.0000000e+02 
2.4083185e+00 1.0000000e+02 
2.4133185e+00 1.0000000e+02 
2.4183185e+00 1.0000000e+02 
2.4233185e+00 1.0000000e+02 
2.4283185e+00 1.0000000e+02 
2.4333185e+00 1.0000000e+02 
2.4383185e+00 1.0000000e+02 
2.4433185e+00 1.0000000e+02 
2.4483185e+00 1.0000000e+02 
2.4483185e+00 9.4946724e+01 
2.4493185e+00 9.4933963e+01 
2.4503185e+00 9.4927582e+01 
2.4503185e+00 9.4908441e+01 
2.4513185e+00 9.4908441e+01 
2.4523185e+00 9.4908441e+01 
2.4523185e+00 9.4908441e+01 
2.4533185e+00 9.4908441e+01 
2.4543185e+00 9.4908441e+01 
2.4543185e+00 9.4908441e+01 
2.4563185e+00 9.4908441e+01 
2.4583185e+00 9.4908441e+01 
2.4603185e+00 9.4908441e+01 
2.4623185e+00 9.4908441e+01 
2.4643185e+00 9.4908441e+01 
2.4663185e+00 9.4908441e+01 
2.4683185e+00 9.4908441e+01 
2.4703185e+00 9.4908441e+01 
2.4723185e+00 9.4908441e+01 
2.4743185e+00 9.4908441e+01 
2.4763185e+00 9.4908441e+01 
2.4783185e+00 9.4908441e+01 
2.4803185e+00 9.4908441e+01 
2.4823185e+00 9.4908441e+01 
2.4843185e+00 9.4908441e+01 
2.4863185e+00 9.4908441e+01 
2.4883185e+00 9.4908441e+01 
2.4903185e+00 9.4908441e+01 
2.4923185e+00 9.4908441e+01 
2.4943185e+00 9.4908441e+01 
2.4963185e+00 9.4908441e+01 
2.4983185e+00 9.4908441e+01 
2.5003185e+00 9.4908441e+01 
2.5023185e+00 9.4908441e+01 
2.5043185e+00 9.4908441e+01 
2.5063185e+00 9.4908441e+01 
2.5083185e+00 9.4908441e+01 
2.5103185e+00 9.4908441e+01 
2.5123185e+00 9.4908441e+01 
2.5143185e+00 9.4908441e+01 
2.5163185e+00 9.4908441e+01 
2.5183185e+00 9.4908441e+01 
2.5203185e+00 9.4908441e+01 
2.5223185e+00 9.4908441e+01 
2.5243185e+00 9.4908441e+01 
2.5263185e+00 9.4908441e+01 
2.5283185e+00 9.4908441e+01 
2.5303185e+00 9.4908441e+01 
2.5323185e+00 9.4908441e+01 
2.5343185e+00 9.4908441e+01 
2.5363185e+00 9.4908441e+01 
2.5383185e+00 9.4908441e+01 
2.5403185e+00 9.4908441e+01 
2.5423185e+00 9.4908441e+01 
2.5443185e+00 9.4908441e+01 
2.5463185e+00 9.4908441e+01 
2.5483185e+00 9.4908441e+01 
2.5503185e+00 9.4908441e+01 
2.5523185e+00 9.4908441e+01 
2.5543185e+00 9.4908441e+01 
2.5563185e+00 9.4908441e+01 
2.5583185e+00 9.4908441e+01 
2.5603185e+00 9.4908441e+01 
2.5623185e+00 9.4908441e+01 
2.5643185e+00 9.4908441e+01 
2.5663185e+00 9.4908441e+01 
2.5683185e+00 9.4908441e+01 
2.5703185e+00 9.4908441e+01 
2.5723185e+00 9.4908441e+01 
2.5743185e+00 9.4908441e+01 
2.5763185e+00 9.4908441e+01 
2.5783185e+00 9.4908441e+01 
2.5803185e+00 9.4908441e+01 
2.5823185e+00 9.4908441e+01 
2.5843185e+00 9.4908441e+01 
2.5863185e+00 9.4908441e+01 
2.5883185e+00 9.4908441e+01 
2.5903185e+00 9.4908441e+01 
2.5923185e+00 9.4908441e+01 
2.5943185e+00 9.4908441e+01 
2.5963185e+00 9.4908441e+01 
2.5983185e+00 9.4908441e+01 
2.6003185e+00 9.4908441e+01 
2.6023185e+00 9.4908441e+01 
2.6043185e+00 9.4908441e+01 
2.6063185e+00 9.4908441e+01 
2.6083185e+00 9.4908441e+01 
2.6103185e+00 9.4908441e+01 
2.6123185e+00 9.4908441e+01 
2.6143185e+00 9.4908441e+01 
2.6163185e+00 9.4908441e+01 
2.6183185e+00 9.4908441e+01 
2.6203185e+00 9.4908441e+01 
2.6223185e+00 9.4908441e+01 
2.6243185e+00 9.4908441e+01 
2.6263185e+00 9.4908441e+01 
2.6283185e+00 9.4908441e+01 
2.6303185e+00 9.4908441e+01 
2.6323185e+00 9.4908441e+01 
2.6343185e+00 9.4908441e+01 
2.6363185e+00 9.4908441e+01 
2.6383185e+00 9.4908441e+01 
2.6403185e+00 9.4908441e+01 
2.6423185e+00 9.4908441e+01 
2.6443185e+00 9.4908441e+01 
2.6463185e+00 9.4908441e+01 
2.6483185e+00 9.4908441e+01 
2.6503185e+00 9.4908441e+01 
2.6523185e+00 9.4908441e+01 
2.6543185e+00 9.4908441e+01 
2.6563185e+00 9.4908441e+01 
2.6583185e+00 9.4908441e+01 
2.6603185e+00 9.4908441e+01 
2.6623185e+00 9.4908441e+01 
2.6643185e+00 9.4908441e+01 
2.6663185e+00 9.4908441e+01 
2.6683185e+00 9.4908441e+01 
2.6703185e+00 9.4908441e+01 
2.6723185e+00 9.4908441e+01 
2.6743185e+00 9.4908441e+01 
2.6763185e+00 9.4908441e+01 
2.6783185e+00 9.4908441e+01 
2.6803185e+00 9.4908441e+01 
2.6823185e+00 9.4908441e+01 
2.6843185e+00 9.4908441e+01 
2.6863185e+00 9.4908441e+01 
2.6883185e+00 9.4908441e+01 
2.6903185e+00 9.4908441e+01 
2.6923185e+00 9.4908441e+01 
2.6943185e+00 9.4908441e+01 
2.6963185e+00 9.4908441e+01 
2.6983185e+00 9.4908441e+01 
2.7003185e+00 9.4908441e+01 
2.7023185e+00 9.4908441e+01 
2.7043185e+00 9.4908441e+01 
2.7063185e+00 9.4908441e+01 
2.7083185e+00 9.4908441e+01 
2.7103185e+00 9.4908441e+01 
2.7123185e+00 9.4908441e+01 
2.7143185e+00 9.4908441e+01 
2.7163185e+00 9.4908441e+01 
2.7183185e+00 9.4908441e+01 
2.7203185e+00 9.4908441e+01 
2.7223185e+00 9.4908441e+01 
2.7243185e+00 9.4908441e+01 
2.7263185e+00 9.4908441e+01 
2.7283185e+00 9.4908441e+01 
2.7303185e+00 9.4908441e+01 
2.7323185e+00 9.4908441e+01 
2.7343185e+00 9.4908441e+01 
2.7363185e+00 9.4908441e+01 
2.7383185e+00 9.4908441e+01 
2.7403185e+00 9.4908441e+01 
2.7423185e+00 9.4908441e+01 
2.7443185e+00 9.4908441e+01 
2.7463185e+00 9.4908441e+01 
2.7483185e+00 9.4908441e+01 
2.7503185e+00 9.4908441e+01 
2.7523185e+00 9.4908441e+01 
2.7543185e+00 9.4908441e+01 
2.7563185e+00 9.4908441e+01 
2.7583185e+00 9.4908441e+01 
2.7603185e+00 9.4908441e+01 
2.7623185e+00 9.4908441e+01 
2.7643185e+00 9.4908441e+01 
2.7663185e+00 9.4908441e+01 
2.7683185e+00 9.4908441e+01 
2.7703185e+00 9.4908441e+01 
2.7723185e+00 9.4908441e+01 
2.7743185e+00 9.4908441e+01 
2.7763185e+00 9.4908441e+01 
2.7803185e+00 9.4908441e+01 
2.7843185e+00 9.4908441e+01 
2.7883185e+00 9.4908441e+01 
2.7923185e+00 9.4908441e+01 
2.7963185e+00 9.4908441e+01 
2.8003185e+00 9.4908441e+01 
2.8043185e+00 9.4908441e+01 
2.8083185e+00 9.4908441e+01 
2.8123185e+00 9.4908441e+01 
2.8163185e+00 9.4908441e+01 
2.8203185e+00 9.4908441e+01 
2.8243185e+00 9.4908441e+01 
2.8283185e+00 9.4908441e+01 
2.8323185e+00 9.4908441e+01 
2.8363185e+00 9.4908441e+01 
2.8403185e+00 9.4908441e+01 
2.8443185e+00 9.4908441e+01 
2.8483185e+00 9.4908441e+01 
2.8523185e+00 9.4908441e+01 
2.8563185e+00 9.4908441e+01 
2.8603185e+00 9.4908441e+01 
2.8643185e+00 9.4908441e+01 
2.8683185e+00 9.4908441e+01 
2.8703185e+00 9.4908441e+01 
2.8723185e+00 9.4908441e+01 
2.8743185e+00 9.4908441e+01 
2.8763185e+00 9.4908441e+01 
2.8783185e+00 9.4908441e+01 
2.8803185e+00 9.4908441e+01 
2.8823185e+00 9.4908441e+01 
2.8843185e+00 9.4908441e+01 
2.8863185e+00 9.4908441e+01 
2.8883185e+00 9.4908441e+01 
2.8903185e+00 9.4908441e+01 
2.8923185e+00 9.4908441e+01 
2.8943185e+00 9.4908441e+01 
2.8963185e+00 9.4908441e+01 
2.8983185e+00 9.4908441e+01 
2.9003185e+00 9.4908441e+01 
2.9023185e+00 9.4908441e+01 
2.9043185e+00 9.4908441e+01 
2.9063185e+00 9.4908441e+01 
2.9083185e+00 9.4908441e+01 
2.9103185e+00 9.4908441e+01 
2.9123185e+00 9.4908441e+01 
2.9143185e+00 9.4908441e+01 
2.9163185e+00 9.4908441e+01 
2.9183185e+00 9.4908441e+01 
2.9203185e+00 9.4908441e+01 
2.9223185e+00 9.4908441e+01 
2.9243185e+00 9.4908441e+01 
2.9263185e+00 9.4908441e+01 
2.9283185e+00 9.4908441e+01 
2.9303185e+00 9.4908441e+01 
2.9323185e+00 9.4908441e+01 
2.9343185e+00 9.4908441e+01 
2.9363185e+00 9.4908441e+01 
2.9383185e+00 9.4908441e+01 
2.9403185e+00 9.4908441e+01 
2.9423185e+00 9.4908441e+01 
2.9443185e+00 9.4908441e+01 
2.9463185e+00 9.4908441e+01 
2.9483185e+00 9.4908441e+01 
2.9503185e+00 9.4908441e+01 
2.9523185e+00 9.4908441e+01 
2.9543185e+00 9.4908441e+01 
2.9563185e+00 9.4908441e+01 
2.9583185e+00 9.4908441e+01 
2.9603185e+00 9.4908441e+01 
2.9623185e+00 9.4908441e+01 
2.9643185e+00 9.4908441e+01 
2.9663185e+00 9.4908441e+01 
2.9683185e+00 9.4908441e+01 
2.9703185e+00 9.4908441e+01 
2.9723185e+00 9.4908441e+01 
2.9743185e+00 9.4908441e+01 
2.9763185e+00 9.4908441e+01 
2.9783185e+00 9.4908441e+01 
2.9803185e+00 9.4908441e+01 
2.9823185e+00 9.4908441e+01 
2.9843185e+00 9.4908441e+01 
2.9863185e+00 9.4908441e+01 
2.9883185e+00 9.4908441e+01 
2.9903185e+00 9.4908441e+01 
2.9923185e+00 9.4908441e+01 
2.9943185e+00 9.4908441e+01 
2.9963185e+00 9.4908441e+01 
2.9983185e+00 9.4908441e+01 
3.0003185e+00 9.4908441e+01 
3.0023185e+00 9.4908441e+01 
3.0043185e+00 9.4908441e+01 
3.0063185e+00 9.4908441e+01 
3.0083185e+00 9.4908441e+01 
3.0123185e+00 9.4908441e+01 
3.0163185e+00 9.4908441e+01 
3.0203185e+00 9.4908441e+01 
3.0243185e+00 9.4908441e+01 
3.0283185e+00 9.4908441e+01 
3.0323185e+00 9.4908441e+01 
3.0363185e+00 9.4908441e+01 
3.0403185e+00 9.4908441e+01 
3.0443185e+00 9.4908441e+01 
3.0483185e+00 9.4908441e+01 
3.0523185e+00 9.4908441e+01 
3.0563185e+00 9.4908441e+01 
3.0603185e+00 9.4908441e+01 
3.0643185e+00 9.4908441e+01 
3.0683185e+00 9.4908441e+01 
3.0723185e+00 9.4908441e+01 
3.0763185e+00 9.4908441e+01 
3.0803185e+00 9.4908441e+01 
3.0843185e+00 9.4908441e+01 
3.0883185e+00 9.4908441e+01 
3.0923185e+00 9.4908441e+01 
3.0963185e+00 9.4908441e+01 
3.1003185e+00 9.4908441e+01 
3.1023185e+00 9.4908441e+01 
3.1043185e+00 9.4908441e+01 
3.1063185e+00 9.4908441e+01 
3.1083185e+00 9.4908441e+01 
3.1103185e+00 9.4908441e+01 
3.1123185e+00 9.4908441e+01 
3.1143185e+00 9.4908441e+01 
3.1163185e+00 9.4908441e+01 
3.1183185e+00 9.4908441e+01 
3.1203185e+00 9.4908441e+01 
3.1223185e+00 9.4908441e+01 
3.1243185e+00 9.4908441e+01 
3.1263185e+00 9.4908441e+01 
3.1283185e+00 9.4908441e+01 
3.1303185e+00 9.4908441e+01 
3.1323185e+00 9.4908441e+01 
3.1343185e+00 9.4908441e+01 
3.1363185e+00 9.4908441e+01 
3.1383185e+00 9.4908441e+01 
3.1403185e+00 9.4908441e+01 
3.1423185e+00 9.4908441e+01 
3.1443185e+00 9.4908441e+01 
3.1463185e+00 9.4908441e+01 
3.1483185e+00 9.4908441e+01 
3.1503185e+00 9.4908441e+01 
3.1523185e+00 9.4908441e+01 
3.1543185e+00 9.4908441e+01 
3.1563185e+00 9.4908441e+01 
3.1583185e+00 9.4908441e+01 
3.1603185e+00 9.4908441e+01 
3.1623185e+00 9.4908441e+01 
3.1643185e+00 9.4908441e+01 
3.1663185e+00 9.4908441e+01 
3.1683185e+00 9.4908441e+01 
3.1703185e+00 9.4908441e+01 
3.1723185e+00 9.4908441e+01 
3.1743185e+00 9.4908441e+01 
3.1763185e+00 9.4908441e+01 
3.1783185e+00 9.4908441e+01 
3.1803185e+00 9.4908441e+01 
3.1823185e+00 9.4908441e+01 
3.1843185e+00 9.4908441e+01 
3.1863185e+00 9.4908441e+01 
3.1883185e+00 9.4908441e+01 
3.1903185e+00 9.4908441e+01 
3.1923185e+00 9.4908441e+01 
3.1943185e+00 9.4908441e+01 
3.1963185e+00 9.4908441e+01 
3.1983185e+00 9.4908441e+01 
3.2003185e+00 9.4908441e+01 
3.2023185e+00 9.4908441e+01 
3.2043185e+00 9.4908441e+01 
3.2063185e+00 9.4908441e+01 
3.2083185e+00 9.4908441e+01 
3.2103185e+00 9.4908441e+01 
3.2123185e+00 9.4908441e+01 
3.2143185e+00 9.4908441e+01 
3.2163185e+00 9.4908441e+01 
3.2183185e+00 9.4908441e+01 
3.2203185e+00 9.4908441e+01 
3.2223185e+00 9.4908441e+01 
3.2243185e+00 9.4908441e+01 
3.2263185e+00 9.4908441e+01 
3.2283185e+00 9.4908441e+01 
3.2303185e+00 9.4908441e+01 
3.2323185e+00 9.4908441e+01 
3.2343185e+00 9.4908441e+01 
3.2363185e+00 9.4908441e+01 
3.2383185e+00 9.4908441e+01 
3.2403185e+00 9.4908441e+01 
3.2423185e+00 9.4908441e+01 
3.2443185e+00 9.4908441e+01 
3.2463185e+00 9.4908441e+01 
3.2483185e+00 9.4908441e+01 
3.2503185e+00 9.4908441e+01 
3.2523185e+00 9.4908441e+01 
3.2543185e+00 9.4908441e+01 
3.2563185e+00 9.4908441e+01 
3.2583185e+00 9.4908441e+01 
3.2603185e+00 9.4908441e+01 
3.2623185e+00 9.4908441e+01 
3.2643185e+00 9.4908441e+01 
3.2663185e+00 9.4908441e+01 
3.2683185e+00 9.4908441e+01 
3.2703185e+00 9.4908441e+01 
3.2723185e+00 9.4908441e+01 
3.2743185e+00 9.4908441e+01 
3.2763185e+00 9.4908441e+01 
3.2783185e+00 9.4908441e+01 
3.2803185e+00 9.4908441e+01 
3.2823185e+00 9.4908441e+01 
3.2843185e+00 9.4908441e+01 
3.2863185e+00 9.4908441e+01 
3.2883185e+00 9.4908441e+01 
3.2903185e+00 9.4908441e+01 
3.2923185e+00 9.4908441e+01 
3.2943185e+00 9.4908441e+01 
3.2963185e+00 9.4908441e+01 
3.2983185e+00 9.4908441e+01 
3.3003185e+00 9.4908441e+01 
3.3023185e+00 9.4908441e+01 
3.3043185e+00 9.4908441e+01 
3.3063185e+00 9.4908441e+01 
3.3083185e+00 9.4908441e+01 
3.3103185e+00 9.4908441e+01 
3.3123185e+00 9.4908441e+01 
3.3143185e+00 9.4908441e+01 
3.3163185e+00 9.4908441e+01 
3.3183185e+00 9.4908441e+01 
3.3203185e+00 9.4908441e+01 
3.3223185e+00 9.4908441e+01 
3.3243185e+00 9.4908441e+01 
3.3263185e+00 9.4908441e+01 
3.3283185e+00 9.4908441e+01 
3.3303185e+00 9.4908441e+01 
3.3323185e+00 9.4908441e+01 
3.3343185e+00 9.4908441e+01 
3.3363185e+00 9.4908441e+01 
3.3383185e+00 9.4908441e+01 
3.3403185e+00 9.4908441e+01 
3.3413185e+00 9.4908441e+01 
3.3433185e+00 9.4908441e+01 
3.3453185e+00 9.4908441e+01 
3.3473185e+00 9.4908441e+01 
3.3493185e+00 9.4908441e+01 
3.3513185e+00 9.4908441e+01 
3.3533185e+00 9.4908441e+01 
3.3553185e+00 9.4908441e+01 
3.3573185e+00 9.4908441e+01 
3.3593185e+00 9.4908441e+01 
3.3613185e+00 9.4908441e+01 
3.3633185e+00 9.4908441e+01 
3.3653185e+00 9.4908441e+01 
3.3673185e+00 9.4908441e+01 
3.3693185e+00 9.4908441e+01 
3.3713185e+00 9.4908441e+01 
3.3733185e+00 9.4908441e+01 
3.3753185e+00 9.4908441e+01 
3.3773185e+00 9.4908441e+01 
3.3793185e+00 9.4908441e+01 
3.3813185e+00 9.4908441e+01 
3.3833185e+00 9.4908441e+01 
3.3853185e+00 9.4908441e+01 
3.3873185e+00 9.4908441e+01 
3.3893185e+00 9.4908441e+01 
3.3913185e+00 9.4908441e+01 
3.3933185e+00 9.4908441e+01 
3.3953185e+00 9.4908441e+01 
3.3973185e+00 9.4908441e+01 
3.3993185e+00 9.4908441e+01 
3.4013185e+00 9.4908441e+01 
3.4033185e+00 9.4908441e+01 
3.4053185e+00 9.4908441e+01 
3.4073185e+00 9.4908441e+01 
3.4093185e+00 9.4908441e+01 
3.4113185e+00 9.4908441e+01 
3.4133185e+00 9.4908441e+01 
3.4153185e+00 9.4908441e+01 
3.4173185e+00 9.4908441e+01 
3.4193185e+00 9.4908441e+01 
3.4213185e+00 9.4908441e+01 
3.4233185e+00 9.4908441e+01 
3.4253185e+00 9.4908441e+01 
3.4273185e+00 9.4908441e+01 
3.4293185e+00 9.4908441e+01 
3.4313185e+00 9.4908441e+01 
3.4333185e+00 9.4908441e+01 
3.4353185e+00 9.4908441e+01 
3.4373185e+00 9.4908441e+01 
3.4393185e+00 9.4908441e+01 
3.4413185e+00 9.4908441e+01 
3.4433185e+00 9.4908441e+01 
3.4453185e+00 9.4908441e+01 
3.4473185e+00 9.4908441e+01 
3.4493185e+00 9.4908441e+01 
3.4513185e+00 9.4908441e+01 
3.4533185e+00 9.4908441e+01 
3.4553185e+00 9.4908441e+01 
3.4573185e+00 9.4908441e+01 
3.4593185e+00 9.4908441e+01 
3.4613185e+00 9.4908441e+01 
3.4633185e+00 9.4908441e+01 
3.4653185e+00 9.4908441e+01 
3.4673185e+00 9.4908441e+01 
3.4693185e+00 9.4908441e+01 
3.4713185e+00 9.4908441e+01 
3.4733185e+00 9.4908441e+01 
3.4753185e+00 9.4908441e+01 
3.4773185e+00 9.4908441e+01 
3.4793185e+00 9.4908441e+01 
3.4813185e+00 9.4908441e+01 
3.4833185e+00 9.4908441e+01 
3.4853185e+00 9.4908441e+01 
3.4873185e+00 9.4908441e+01 
3.4893185e+00 9.4908441e+01 
3.4913185e+00 9.4908441e+01 
3.4933185e+00 9.4908441e+01 
3.4953185e+00 9.4908441e+01 
3.4973185e+00 9.4908441e+01 
3.4993185e+00 9.4908441e+01 
3.5013185e+00 9.4908441e+01 
3.5033185e+00 9.4908441e+01 
3.5053185e+00 9.4908441e+01 
3.5073185e+00 9.4908441e+01 
3.5093185e+00 9.4908441e+01 
3.5113185e+00 9.4908441e+01 
3.5133185e+00 9.4908441e+01 
3.5153185e+00 9.4908441e+01 
3.5173185e+00 9.4908441e+01 
3.5193185e+00 9.4908441e+01 
3.5213185e+00 9.4908441e+01 
3.5233185e+00 9.4908441e+01 
3.5253185e+00 9.4908441e+01 
3.5273185e+00 9.4908441e+01 
3.5293185e+00 9.4908441e+01 
3.5313185e+00 9.4908441e+01 
3.5333185e+00 9.4908441e+01 
3.5353185e+00 9.4908441e+01 
3.5373185e+00 9.4908441e+01 
3.5393185e+00 9.4908441e+01 
3.5413185e+00 9.4908441e+01 
3.5433185e+00 9.4908441e+01 
3.5453185e+00 9.4908441e+01 
3.5473185e+00 9.4908441e+01 
3.5493185e+00 9.4908441e+01 
3.5513185e+00 9.4908441e+01 
3.5533185e+00 9.4908441e+01 
3.5553185e+00 9.4908441e+01 
3.5573185e+00 9.4908441e+01 
3.5593185e+00 9.4908441e+01 
3.5613185e+00 9.4908441e+01 
3.5633185e+00 9.4908441e+01 
3.5653185e+00 9.4908441e+01 
3.5673185e+00 9.4908441e+01 
3.5693185e+00 9.4908441e+01 
3.5713185e+00 9.4908441e+01 
3.5733185e+00 9.4908441e+01 
3.5753185e+00 9.4908441e+01 
3.5773185e+00 9.4908441e+01 
3.5793185e+00 9.4908441e+01 
3.5813185e+00 9.4908441e+01 
3.5833185e+00 9.4908441e+01 
3.5853185e+00 9.4908441e+01 
3.5873185e+00 9.4908441e+01 
3.5893185e+00 9.4908441e+01 
3.5913185e+00 9.4908441e+01 
3.5933185e+00 9.4908441e+01 
3.5953185e+00 9.4908441e+01 
3.5973185e+00 9.4908441e+01 
3.5993185e+00 9.4908441e+01 
3.6013185e+00 9.4908441e+01 
3.6033185e+00 9.4908441e+01 
3.6053185e+00 9.4908441e+01 
3.6073185e+00 9.4908441e+01 
3.6093185e+00 9.4908441e+01 
3.6113185e+00 9.4908441e+01 
3.6133185e+00 9.4908441e+01 
3.6153185e+00 9.4908441e+01 
3.6173185e+00 9.4908441e+01 
3.6193185e+00 9.4908441e+01 
3.6213185e+00 9.4908441e+01 
3.6233185e+00 9.4908441e+01 
3.6253185e+00 9.4908441e+01 
3.6273185e+00 9.4908441e+01 
3.6293185e+00 9.4908441e+01 
3.6313185e+00 9.4908441e+01 
3.6333185e+00 9.4908441e+01 
3.6353185e+00 9.4908441e+01 
3.6373185e+00 9.4908441e+01 
3.6393185e+00 9.4908441e+01 
3.6413185e+00 9.4908441e+01 
3.6433185e+00 9.4908441e+01 
3.6453185e+00 9.4908441e+01 
3.6473185e+00 9.4908441e+01 
3.6493185e+00 9.4908441e+01 
3.6513185e+00 9.4908441e+01 
3.6533185e+00 9.4908441e+01 
3.6553185e+00 9.4908441e+01 
3.6573185e+00 9.4908441e+01 
3.6593185e+00 9.4908441e+01 
3.6613185e+00 9.4908441e+01 
3.6633185e+00 9.4908441e+01 
3.6653185e+00 9.4908441e+01 
3.6673185e+00 9.4908441e+01 
3.6693185e+00 9.4908441e+01 
3.6713185e+00 9.4908441e+01 
3.6733185e+00 9.4908441e+01 
3.6753185e+00 9.4908441e+01 
3.6773185e+00 9.4908441e+01 
3.6793185e+00 9.4908441e+01 
3.6813185e+00 9.4908441e+01 
3.6833185e+00 9.4908441e+01 
3.6853185e+00 9.4908441e+01 
3.6873185e+00 9.4908441e+01 
3.6893185e+00 9.4908441e+01 
3.6913185e+00 9.4908441e+01 
3.6933185e+00 9.4908441e+01 
3.6953185e+00 9.4908441e+01 
3.6973185e+00 9.4908441e+01 
3.6993185e+00 9.4908441e+01 
3.7013185e+00 9.4908441e+01 
3.7033185e+00 9.4908441e+01 
3.7053185e+00 9.4908441e+01 
3.7073185e+00 9.4908441e+01 
3.7093185e+00 9.4908441e+01 
3.7113185e+00 9.4908441e+01 
3.7133185e+00 9.4908441e+01 
3.7153185e+00 9.4908441e+01 
3.7173185e+00 9.4908441e+01 
3.7193185e+00 9.4908441e+01 
3.7213185e+00 9.4908441e+01 
3.7233185e+00 9.4908441e+01 
3.7253185e+00 9.4908441e+01 
3.7273185e+00 9.4908441e+01 
3.7293185e+00 9.4908441e+01 
3.7313185e+00 9.4908441e+01 
3.7333185e+00 9.4908441e+01 
3.7353185e+00 9.4908441e+01 
3.7373185e+00 9.4908441e+01 
3.7393185e+00 9.4908441e+01 
3.7413185e+00 9.4908441e+01 
3.7433185e+00 9.4908441e+01 
3.7453185e+00 9.4908441e+01 
3.7473185e+00 9.4908441e+01 
3.7493185e+00 9.4908441e+01 
3.7513185e+00 9.4908441e+01 
3.7533185e+00 9.4908441e+01 
3.7553185e+00 9.4908441e+01 
3.7573185e+00 9.4908441e+01 
3.7593185e+00 9.4908441e+01 
3.7613185e+00 9.4908441e+01 
3.7633185e+00 9.4908441e+01 
3.7653185e+00 9.4908441e+01 
3.7673185e+00 9.4908441e+01 
3.7693185e+00 9.4908441e+01 
3.7713185e+00 9.4908441e+01 
3.7733185e+00 9.4908441e+01 
3.7753185e+00 9.4908441e+01 
3.7773185e+00 9.4908441e+01 
3.7793185e+00 9.4908441e+01 
3.7813185e+00 9.4908441e+01 
3.7833185e+00 9.4908441e+01 
3.7853185e+00 9.4908441e+01 
3.7873185e+00 9.4908441e+01 
3.7893185e+00 9.4908441e+01 
3.7913185e+00 9.4908441e+01 
3.7933185e+00 9.4908441e+01 
3.7953185e+00 9.4908441e+01 
3.7973185e+00 9.4908441e+01 
3.7993185e+00 9.4908441e+01 
3.8013185e+00 9.4908441e+01 
3.8033185e+00 9.4908441e+01 
3.8053185e+00 9.4908441e+01 
3.8073185e+00 9.4908441e+01 
3.8093185e+00 9.4908441e+01 
3.8113185e+00 9.4908441e+01 
3.8133185e+00 9.4908441e+01 
3.8153185e+00 9.4908441e+01 
3.8173185e+00 9.4908441e+01 
3.8193185e+00 9.4908441e+01 
3.8213185e+00 9.4908441e+01 
3.8233185e+00 9.4908441e+01 
3.8253185e+00 9.4908441e+01 
3.8273185e+00 9.4908441e+01 
3.8293185e+00 9.4908441e+01 
3.8313185e+00 9.4908441e+01 
3.8333185e+00 9.4908441e+01 
3.8353185e+00 9.4908441e+01 
3.8373185e+00 9.4908441e+01 
3.8393185e+00 9.4908441e+01 
3.8413185e+00 9.4908441e+01 
3.8433185e+00 9.4908441e+01 
3.8453185e+00 9.4908441e+01 
3.8473185e+00 9.4908441e+01 
3.8493185e+00 9.4908441e+01 
3.8513185e+00 9.4908441e+01 
3.8533185e+00 9.4908441e+01 
3.8553185e+00 9.4908441e+01 
3.8573185e+00 9.4908441e+01 
3.8593185e+00 9.4908441e+01 
3.8613185e+00 9.4908441e+01 
3.8633185e+00 9.4908441e+01 
3.8653185e+00 9.4908441e+01 
3.8673185e+00 9.4908441e+01 
3.8693185e+00 9.4908441e+01 
3.8713185e+00 9.4908441e+01 
3.8733185e+00 9.4908441e+01 
3.8753185e+00 9.4908441e+01 
3.8773185e+00 9.4908441e+01 
3.8793185e+00 9.4908441e+01 
3.8813185e+00 9.4908441e+01 
3.8833185e+00 9.4908441e+01 
3.8853185e+00 9.4908441e+01 
3.8873185e+00 9.4908441e+01 
3.8893185e+00 9.4908441e+01 
3.8913185e+00 9.4908441e+01 
3.8933185e+00 9.4908441e+01 
3.8953185e+00 9.4908441e+01 
3.8973185e+00 9.4908441e+01 
3.8993185e+00 9.4908441e+01 
3.9013185e+00 9.4908441e+01 
3.9033185e+00 9.4908441e+01 
3.9053185e+00 9.4908441e+01 
3.9073185e+00 9.4908441e+01 
3.9093185e+00 9.4908441e+01 
3.9113185e+00 9.4908441e+01 
3.9133185e+00 9.4908441e+01 
3.9153185e+00 9.4908441e+01 
3.9173185e+00 9.4908441e+01 
3.9193185e+00 9.4908441e+01 
3.9213185e+00 9.4908441e+01 
3.9233185e+00 9.4908441e+01 
3.9253185e+00 9.4908441e+01 
3.9273185e+00 9.4908441e+01 
3.9293185e+00 9.4908441e+01 
3.9313185e+00 9.4908441e+01 
3.9333185e+00 9.4908441e+01 
3.9353185e+00 9.4908441e+01 
3.9373185e+00 9.4908441e+01 
3.9393185e+00 9.4908441e+01 
3.9413185e+00 9.4908441e+01 
3.9433185e+00 9.4908441e+01 
3.9453185e+00 9.4908441e+01 
3.9473185e+00 9.4908441e+01 
3.9493185e+00 9.4908441e+01 
3.9513185e+00 9.4908441e+01 
3.9533185e+00 9.4908441e+01 
3.9553185e+00 9.4908441e+01 
3.9573185e+00 9.4908441e+01 
3.9593185e+00 9.4908441e+01 
3.9613185e+00 9.4908441e+01 
3.9633185e+00 9.4908441e+01 
3.9653185e+00 9.4908441e+01 
3.9673185e+00 9.4908441e+01 
3.9693185e+00 9.4908441e+01 
3.9713185e+00 9.4908441e+01 
3.9733185e+00 9.4908441e+01 
3.9753185e+00 9.4908441e+01 
3.9773185e+00 9.4908441e+01 
3.9793185e+00 9.4908441e+01 
3.9813185e+00 9.4908441e+01 
3.9833185e+00 9.4908441e+01 
3.9853185e+00 9.4908441e+01 
3.9873185e+00 9.4908441e+01 
3.9893185e+00 9.4908441e+01 
3.9913185e+00 9.4908441e+01 
3.9933185e+00 9.4908441e+01 
3.9953185e+00 9.4908441e+01 
3.9973185e+00 9.4908441e+01 
3.9993185e+00 9.4908441e+01 
4.0013185e+00 9.4908441e+01 
4.0033185e+00 9.4908441e+01 
4.0053185e+00 9.4908441e+01 
4.0073185e+00 9.4908441e+01 
4.0093185e+00 9.4908441e+01 
4.0113185e+00 9.4908441e+01 
4.0133185e+00 9.4908441e+01 
4.0153185e+00 9.4908441e+01 
4.0173185e+00 9.4908441e+01 
4.0193185e+00 9.4908441e+01 
4.0213185e+00 9.4908441e+01 
4.0233185e+00 9.4908441e+01 
4.0253185e+00 9.4908441e+01 
4.0273185e+00 9.4908441e+01 
4.0293185e+00 9.4908441e+01 
4.0313185e+00 9.4908441e+01 
4.0333185e+00 9.4908441e+01 
4.0353185e+00 9.4908441e+01 
4.0373185e+00 9.4908441e+01 
4.0393185e+00 9.4908441e+01 
4.0413185e+00 9.4908441e+01 
4.0433185e+00 9.4908441e+01 
4.0453185e+00 9.4908441e+01 
4.0473185e+00 9.4908441e+01 
4.0493185e+00 9.4908441e+01 
4.0513185e+00 9.4908441e+01 
4.0533185e+00 9.4908441e+01 
4.0553185e+00 9.4908441e+01 
4.0573185e+00 9.4908441e+01 
4.0593185e+00 9.4908441e+01 
4.0613185e+00 9.4908441e+01 
4.0633185e+00 9.4908441e+01 
4.0653185e+00 9.4908441e+01 
4.0673185e+00 9.4908441e+01 
4.0693185e+00 9.4908441e+01 
4.0713185e+00 9.4908441e+01 
4.0733185e+00 9.4908441e+01 
4.0753185e+00 9.4908441e+01 
4.0773185e+00 9.4908441e+01 
4.0793185e+00 9.4908441e+01 
4.0813185e+00 9.4908441e+01 
4.0833185e+00 9.4908441e+01 
4.0853185e+00 9.4908441e+01 
4.0873185e+00 9.4908441e+01 
4.0893185e+00 9.4908441e+01 
4.0913185e+00 9.4908441e+01 
4.0933185e+00 9.4908441e+01 
4.0953185e+00 9.4908441e+01 
4.0973185e+00 9.4908441e+01 
4.0993185e+00 9.4908441e+01 
4.1013185e+00 9.4908441e+01 
4.1033185e+00 9.4908441e+01 
4.1053185e+00 9.4908441e+01 
4.1073185e+00 9.4908441e+01 
4.1093185e+00 9.4908441e+01 
4.1113185e+00 9.4908441e+01 
4.1133185e+00 9.4908441e+01 
4.1153185e+00 9.4908441e+01 
4.1173185e+00 9.4908441e+01 
4.1193185e+00 9.4908441e+01 
4.1213185e+00 9.4908441e+01 
4.1233185e+00 9.4908441e+01 
4.1253185e+00 9.4908441e+01 
4.1273185e+00 9.4908441e+01 
4.1293185e+00 9.4908441e+01 
4.1313185e+00 9.4908441e+01 
4.1333185e+00 9.4908441e+01 
4.1353185e+00 9.4908441e+01 
4.1373185e+00 9.4908441e+01 
4.1393185e+00 9.4908441e+01 
4.1413185e+00 9.4908441e+01 
4.1433185e+00 9.4908441e+01 
4.1453185e+00 9.4908441e+01 
4.1473185e+00 9.4908441e+01 
4.1493185e+00 9.4908441e+01 
4.1504185e+00 9.4908441e+01 
4.1524185e+00 9.4908441e+01 
4.1544185e+00 9.4908441e+01 
4.1564185e+00 9.4902061e+01 
4.1584185e+00 9.4902061e+01 
4.1604185e+00 9.4902061e+01 
4.1624185e+00 9.4895680e+01 
4.1644185e+00 9.4895680e+01 
4.1664185e+00 9.4895680e+01 
4.1684185e+00 9.4895680e+01 
4.1704185e+00 9.4882920e+01 
4.1724185e+00 9.4882920e+01 
4.1744185e+00 9.4882920e+01 
4.1764185e+00 9.4882920e+01 
4.1784185e+00 9.4882920e+01 
4.1804185e+00 9.4870159e+01 
4.1824185e+00 9.4863778e+01 
4.1844185e+00 9.4851018e+01 
4.1864185e+00 9.4851018e+01 
4.1884185e+00 9.4851018e+01 
4.1904185e+00 9.4844637e+01 
4.1924185e+00 9.4838257e+01 
4.1944185e+00 9.4831876e+01 
4.1964185e+00 9.4831876e+01 
4.1984185e+00 9.4831876e+01 
4.2004185e+00 9.4831876e+01 
4.2024185e+00 9.4831876e+01 
4.2044185e+00 9.4831876e+01 
4.2064185e+00 9.4831876e+01 
4.2084185e+00 9.4831876e+01 
4.2104185e+00 9.4831876e+01 
4.2124185e+00 9.4831876e+01 
4.2144185e+00 9.4831876e+01 
4.2164185e+00 9.4831876e+01 
4.2184185e+00 9.4831876e+01 
4.2204185e+00 9.4831876e+01 
4.2224185e+00 9.4831876e+01 
4.2244185e+00 9.4831876e+01 
4.2264185e+00 9.4831876e+01 
4.2284185e+00 9.4831876e+01 
4.2304185e+00 9.4831876e+01 
4.2324185e+00 9.4831876e+01 
4.2344185e+00 9.4831876e+01 
4.2364185e+00 9.4831876e+01 
4.2384185e+00 9.4831876e+01 
4.2404185e+00 9.4831876e+01 
4.2424185e+00 9.4831876e+01 
4.2444185e+00 9.4831876e+01 
4.2464185e+00 9.4831876e+01 
4.2484185e+00 9.4831876e+01 
4.2504185e+00 9.4831876e+01 
4.2524185e+00 9.4831876e+01 
4.2544185e+00 9.4831876e+01 
4.2564185e+00 9.4831876e+01 
4.2584185e+00 9.4831876e+01 
4.2604185e+00 9.4831876e+01 
4.2624185e+00 9.4831876e+01 
4.2644185e+00 9.4831876e+01 
4.2664185e+00 9.4831876e+01 
4.2684185e+00 9.4831876e+01 
4.2704185e+00 9.4831876e+01 
4.2724185e+00 9.4831876e+01 
4.2744185e+00 9.4831876e+01 
4.2764185e+00 9.4831876e+01 
4.2784185e+00 9.4831876e+01 
4.2804185e+00 9.4831876e+01 
4.2824185e+00 9.4831876e+01 
4.2844185e+00 9.4831876e+01 
4.2864185e+00 9.4831876e+01 
4.2884185e+00 9.4831876e+01 
4.2904185e+00 9.4831876e+01 
4.2924185e+00 9.4831876e+01 
4.2944185e+00 9.4831876e+01 
4.2964185e+00 9.4831876e+01 
4.2984185e+00 9.4831876e+01 
4.3004185e+00 9.4831876e+01 
4.3024185e+00 9.4831876e+01 
4.3044185e+00 9.4831876e+01 
4.3064185e+00 9.4831876e+01 
4.3084185e+00 9.4831876e+01 
4.3104185e+00 9.4831876e+01 
4.3124185e+00 9.4831876e+01 
4.3144185e+00 9.4831876e+01 
4.3164185e+00 9.4831876e+01 
4.3184185e+00 9.4831876e+01 
4.3204185e+00 9.4831876e+01 
4.3224185e+00 9.4831876e+01 
4.3244185e+00 9.4831876e+01 
4.3264185e+00 9.4831876e+01 
4.3284185e+00 9.4831876e+01 
4.3304185e+00 9.4831876e+01 
4.3324185e+00 9.4831876e+01 
4.3344185e+00 9.4831876e+01 
4.3364185e+00 9.4831876e+01 
4.3384185e+00 9.4831876e+01 
4.3404185e+00 9.4831876e+01 
4.3424185e+00 9.4831876e+01 
4.3444185e+00 9.4831876e+01 
4.3464185e+00 9.4831876e+01 
4.3484185e+00 9.4831876e+01 
4.3504185e+00 9.4831876e+01 
4.3524185e+00 9.4831876e+01 
4.3544185e+00 9.4831876e+01 
4.3564185e+00 9.4831876e+01 
4.3584185e+00 9.4831876e+01 
4.3604185e+00 9.4831876e+01 
4.3624185e+00 9.4831876e+01 
4.3644185e+00 9.4831876e+01 
4.3664185e+00 9.4831876e+01 
4.3684185e+00 9.4831876e+01 
4.3704185e+00 9.4831876e+01 
4.3724185e+00 9.4831876e+01 
4.3744185e+00 9.4831876e+01 
4.3764185e+00 9.4831876e+01 
4.3784185e+00 9.4831876e+01 
4.3804185e+00 9.4831876e+01 
4.3824185e+00 9.4831876e+01 
4.3844185e+00 9.4831876e+01 
4.3864185e+00 9.4831876e+01 
4.3884185e+00 9.4831876e+01 
4.3904185e+00 9.4831876e+01 
4.3924185e+00 9.4831876e+01 
4.3944185e+00 9.4831876e+01 
4.3964185e+00 9.4831876e+01 
4.3984185e+00 9.4831876e+01 
4.4004185e+00 9.4831876e+01 
4.4024185e+00 9.4831876e+01 
4.4044185e+00 9.4831876e+01 
4.4064185e+00 9.4831876e+01 
4.4078185e+00 9.4831876e+01 
4.4128185e+00 9.4831876e+01 
4.4178185e+00 9.4831876e+01 
4.4228185e+00 9.4831876e+01 
4.4278185e+00 9.4831876e+01 
4.4328185e+00 9.4831876e+01 
4.4378185e+00 9.4831876e+01 
4.4428185e+00 9.4831876e+01 
4.4478185e+00 9.4831876e+01 
4.4528185e+00 9.4831876e+01 
4.4578185e+00 9.4831876e+01 
4.4628185e+00 9.4831876e+01 
4.4678185e+00 9.4831876e+01 
4.4728185e+00 9.4831876e+01 
4.4778185e+00 9.4831876e+01 
4.4828185e+00 9.4831876e+01 
4.4878185e+00 9.4831876e+01 
4.4928185e+00 9.4831876e+01 
4.4978185e+00 9.4831876e+01 
4.5028185e+00 9.4831876e+01 
4.5078185e+00 9.4831876e+01 
4.5128185e+00 9.4831876e+01 
4.5178185e+00 9.4831876e+01 
4.5228185e+00 9.4831876e+01 
4.5278185e+00 9.4831876e+01 
4.5328185e+00 9.4831876e+01 
4.5378185e+00 9.4831876e+01 
4.5428185e+00 9.4831876e+01 
4.5478185e+00 9.4831876e+01 
4.5528185e+00 9.4831876e+01 
4.5578185e+00 9.4831876e+01 
4.5628185e+00 9.4831876e+01 
4.5678185e+00 9.4831876e+01 
4.5716785e+00 9.4831876e+01 
