Position  
0.0000000e+00 3.4327660e+00 
0.0000000e+00 3.4327660e+00 
9.9999997e-10 3.4327660e+00 
5.0000008e-03 3.4335260e+00 
1.0000001e-02 3.4347270e+00 
1.5000001e-02 3.4363685e+00 
2.0000001e-02 3.4384496e+00 
2.5000000e-02 3.4409702e+00 
3.0000001e-02 3.4439285e+00 
3.5000000e-02 3.4473240e+00 
4.0000003e-02 3.4511552e+00 
4.5000002e-02 3.4554207e+00 
5.0000001e-02 3.4601188e+00 
5.5000000e-02 3.4652476e+00 
6.0000002e-02 3.4708056e+00 
6.4999998e-02 3.4767904e+00 
7.0000000e-02 3.4832001e+00 
7.5000003e-02 3.4900320e+00 
7.9999998e-02 3.4972837e+00 
8.5000001e-02 3.5049529e+00 
9.0000004e-02 3.5130365e+00 
9.4999999e-02 3.5215318e+00 
1.0000000e-01 3.5304360e+00 
1.0500000e-01 3.5397458e+00 
1.1000000e-01 3.5494580e+00 
1.1500000e-01 3.5595694e+00 
1.2000000e-01 3.5700765e+00 
1.2500000e-01 3.5809758e+00 
1.3000000e-01 3.5922639e+00 
1.3500001e-01 3.6039371e+00 
1.4000000e-01 3.6159916e+00 
1.4500000e-01 3.6284239e+00 
1.5000001e-01 3.6412296e+00 
1.5500000e-01 3.6544051e+00 
1.6000000e-01 3.6679461e+00 
1.6500001e-01 3.6818492e+00 
1.7000000e-01 3.6961095e+00 
1.7500000e-01 3.7107236e+00 
1.8000001e-01 3.7256873e+00 
1.8500000e-01 3.7409959e+00 
1.9000000e-01 3.7566454e+00 
1.9500001e-01 3.7726316e+00 
2.0000000e-01 3.7889504e+00 
2.0500000e-01 3.8055971e+00 
2.1000001e-01 3.8225679e+00 
2.1500000e-01 3.8398581e+00 
2.2000000e-01 3.8574638e+00 
2.2499999e-01 3.8753803e+00 
2.3000000e-01 3.8936036e+00 
2.3500000e-01 3.9121289e+00 
2.3999999e-01 3.9309528e+00 
2.4500000e-01 3.9500706e+00 
2.5000000e-01 3.9694779e+00 
2.5500000e-01 3.9891703e+00 
2.5999999e-01 4.0091443e+00 
2.5999999e-01 4.0091443e+00 
2.6249999e-01 4.0192351e+00 
2.6249999e-01 4.0192351e+00 
2.6750001e-01 4.0396233e+00 
2.7250001e-01 4.0602818e+00 
2.7750000e-01 4.0812068e+00 
2.8250000e-01 4.1023951e+00 
2.8749999e-01 4.1238413e+00 
2.9249999e-01 4.1455421e+00 
2.9750001e-01 4.1674938e+00 
3.0250001e-01 4.1896920e+00 
3.0750000e-01 4.2121325e+00 
3.1250000e-01 4.2348123e+00 
3.1750000e-01 4.2577271e+00 
3.2249999e-01 4.2808733e+00 
3.2750002e-01 4.3042464e+00 
3.3250001e-01 4.3278437e+00 
3.3750001e-01 4.3516617e+00 
3.4250000e-01 4.3756957e+00 
3.4750000e-01 4.3999434e+00 
3.5249999e-01 4.4243999e+00 
3.5749999e-01 4.4490623e+00 
3.6250001e-01 4.4739285e+00 
3.6750001e-01 4.4989934e+00 
3.7250000e-01 4.5242543e+00 
3.7750000e-01 4.5497084e+00 
3.8249999e-01 4.5753512e+00 
3.8749999e-01 4.6011810e+00 
3.9250001e-01 4.6271939e+00 
3.9750001e-01 4.6533866e+00 
4.0250000e-01 4.6797571e+00 
4.0750000e-01 4.7063017e+00 
4.1249999e-01 4.7330170e+00 
4.1749999e-01 4.7599010e+00 
4.2250001e-01 4.7869506e+00 
4.2750001e-01 4.8141627e+00 
4.3250000e-01 4.8415356e+00 
4.3750000e-01 4.8690648e+00 
4.4250000e-01 4.8967490e+00 
4.4749999e-01 4.9245853e+00 
4.5250002e-01 4.9525709e+00 
4.5750001e-01 4.9807034e+00 
4.6250001e-01 5.0089808e+00 
4.6750000e-01 5.0373998e+00 
4.7250000e-01 5.0659585e+00 
4.7749999e-01 5.0946546e+00 
4.8249999e-01 5.1234860e+00 
4.8750001e-01 5.1524496e+00 
4.9250001e-01 5.1815438e+00 
4.9750000e-01 5.2107668e+00 
5.0250000e-01 5.2401152e+00 
5.0749999e-01 5.2695880e+00 
5.1249999e-01 5.2991829e+00 
5.1749998e-01 5.3288980e+00 
5.2249998e-01 5.3587303e+00 
5.2749997e-01 5.3886790e+00 
5.3250003e-01 5.4187422e+00 
5.3750002e-01 5.4489169e+00 
5.4250002e-01 5.4792027e+00 
5.4750001e-01 5.5095963e+00 
5.5250001e-01 5.5400972e+00 
5.5750000e-01 5.5707026e+00 
5.6250000e-01 5.6014113e+00 
5.6750000e-01 5.6322217e+00 
5.7249999e-01 5.6631322e+00 
5.7749999e-01 5.6941409e+00 
5.8249998e-01 5.7252460e+00 
5.8749998e-01 5.7564468e+00 
5.9249997e-01 5.7877402e+00 
5.9750003e-01 5.8191266e+00 
6.0000002e-01 5.8348536e+00 
6.0000002e-01 5.8348536e+00 
6.0000002e-01 5.8348536e+00 
6.0000002e-01 5.8348536e+00 
6.0628319e-01 5.8381662e+00 
6.0628319e-01 5.8381662e+00 
6.0628319e-01 5.8381662e+00 
6.1256635e-01 5.8416214e+00 
6.1256635e-01 5.8416214e+00 
6.1256635e-01 5.8416214e+00 
6.1884958e-01 5.8452172e+00 
6.1884958e-01 5.8452172e+00 
6.1884958e-01 5.8452172e+00 
6.2513274e-01 5.8489542e+00 
6.2513274e-01 5.8489542e+00 
6.2513274e-01 5.8489542e+00 
6.3141590e-01 5.8528328e+00 
6.3141590e-01 5.8528328e+00 
6.3141590e-01 5.8528328e+00 
6.3769913e-01 5.8568521e+00 
6.3769913e-01 5.8568521e+00 
6.3769913e-01 5.8568521e+00 
6.4398229e-01 5.8610115e+00 
6.4398229e-01 5.8610115e+00 
6.4398229e-01 5.8610115e+00 
6.5026546e-01 5.8653111e+00 
6.5026546e-01 5.8653111e+00 
6.5026546e-01 5.8653111e+00 
6.5654868e-01 5.8697505e+00 
6.5654868e-01 5.8697505e+00 
6.5654868e-01 5.8697505e+00 
6.6283184e-01 5.8743291e+00 
6.6283184e-01 5.8743291e+00 
6.6283184e-01 5.8743291e+00 
6.6911507e-01 5.8790479e+00 
6.6911507e-01 5.8790479e+00 
6.6911507e-01 5.8790479e+00 
6.7539823e-01 5.8839045e+00 
6.7539823e-01 5.8839045e+00 
6.7539823e-01 5.8839045e+00 
6.8168139e-01 5.8889003e+00 
6.8168139e-01 5.8889003e+00 
6.8168139e-01 5.8889003e+00 
6.8796462e-01 5.8940339e+00 
6.8796462e-01 5.8940339e+00 
6.8796462e-01 5.8940339e+00 
6.9424778e-01 5.8993049e+00 
6.9424778e-01 5.8993049e+00 
6.9424778e-01 5.8993049e+00 
7.0053095e-01 5.9047141e+00 
7.0053095e-01 5.9047141e+00 
7.0053095e-01 5.9047141e+00 
7.0681417e-01 5.9102597e+00 
7.0681417e-01 5.9102597e+00 
7.0681417e-01 5.9102597e+00 
7.1309733e-01 5.9159427e+00 
7.1309733e-01 5.9159427e+00 
7.1309733e-01 5.9159427e+00 
7.1938050e-01 5.9217615e+00 
7.1938050e-01 5.9217615e+00 
7.1938050e-01 5.9217615e+00 
7.2566372e-01 5.9277158e+00 
7.2566372e-01 5.9277158e+00 
7.2566372e-01 5.9277158e+00 
7.3194689e-01 5.9338064e+00 
7.3194689e-01 5.9338064e+00 
7.3194689e-01 5.9338064e+00 
7.3823005e-01 5.9400311e+00 
7.3823005e-01 5.9400311e+00 
7.3823005e-01 5.9400311e+00 
7.4451327e-01 5.9463911e+00 
7.4451327e-01 5.9463911e+00 
7.4451327e-01 5.9463911e+00 
7.5079644e-01 5.9528852e+00 
7.5079644e-01 5.9528852e+00 
7.5079644e-01 5.9528852e+00 
7.5707966e-01 5.9595132e+00 
7.5707966e-01 5.9595132e+00 
7.5707966e-01 5.9595132e+00 
7.6336282e-01 5.9662747e+00 
7.6336282e-01 5.9662747e+00 
7.6336282e-01 5.9662747e+00 
7.6964599e-01 5.9731684e+00 
7.6964599e-01 5.9731684e+00 
7.6964599e-01 5.9731684e+00 
7.7592921e-01 5.9801946e+00 
7.7592921e-01 5.9801946e+00 
7.7592921e-01 5.9801946e+00 
7.8221238e-01 5.9873533e+00 
7.8221238e-01 5.9873533e+00 
7.8221238e-01 5.9873533e+00 
7.8849554e-01 5.9946432e+00 
7.8849554e-01 5.9946432e+00 
7.8849554e-01 5.9946432e+00 
7.9477876e-01 6.0020638e+00 
7.9477876e-01 6.0020638e+00 
7.9477876e-01 6.0020638e+00 
8.0106193e-01 6.0096149e+00 
8.0106193e-01 6.0096149e+00 
8.0106193e-01 6.0096149e+00 
8.0734509e-01 6.0172963e+00 
8.0734509e-01 6.0172963e+00 
8.0734509e-01 6.0172963e+00 
8.1362832e-01 6.0251069e+00 
8.1362832e-01 6.0251069e+00 
8.1362832e-01 6.0251069e+00 
8.1991148e-01 6.0330467e+00 
8.1991148e-01 6.0330467e+00 
8.1991148e-01 6.0330467e+00 
8.2619464e-01 6.0411153e+00 
8.2619464e-01 6.0411153e+00 
8.2619464e-01 6.0411153e+00 
8.3247787e-01 6.0493112e+00 
8.3247787e-01 6.0493112e+00 
8.3247787e-01 6.0493112e+00 
8.3876103e-01 6.0576348e+00 
8.3876103e-01 6.0576348e+00 
8.3876103e-01 6.0576348e+00 
8.4504426e-01 6.0660858e+00 
8.4504426e-01 6.0660858e+00 
8.4504426e-01 6.0660858e+00 
8.5132742e-01 6.0746627e+00 
8.5132742e-01 6.0746627e+00 
8.5132742e-01 6.0746627e+00 
8.5761058e-01 6.0833654e+00 
8.5761058e-01 6.0833654e+00 
8.5761058e-01 6.0833654e+00 
8.6389381e-01 6.0921941e+00 
8.6389381e-01 6.0921941e+00 
8.6389381e-01 6.0921941e+00 
8.7017697e-01 6.1011467e+00 
8.7017697e-01 6.1011467e+00 
8.7017697e-01 6.1011467e+00 
8.7646013e-01 6.1102242e+00 
8.7646013e-01 6.1102242e+00 
8.7646013e-01 6.1102242e+00 
8.8274336e-01 6.1194253e+00 
8.8274336e-01 6.1194253e+00 
8.8274336e-01 6.1194253e+00 
8.8902652e-01 6.1287494e+00 
8.8902652e-01 6.1287494e+00 
8.8902652e-01 6.1287494e+00 
8.9530969e-01 6.1381955e+00 
8.9530969e-01 6.1381955e+00 
8.9530969e-01 6.1381955e+00 
9.0159291e-01 6.1477647e+00 
9.0159291e-01 6.1477647e+00 
9.0159291e-01 6.1477647e+00 
9.0787607e-01 6.1574545e+00 
9.0787607e-01 6.1574545e+00 
9.0787607e-01 6.1574545e+00 
9.1415924e-01 6.1672649e+00 
9.1415924e-01 6.1672649e+00 
9.1415924e-01 6.1672649e+00 
9.2044246e-01 6.1771965e+00 
9.2044246e-01 6.1771965e+00 
9.2044246e-01 6.1771965e+00 
9.2672563e-01 6.1872473e+00 
9.2672563e-01 6.1872473e+00 
9.2672563e-01 6.1872473e+00 
9.3300885e-01 6.1974173e+00 
9.3300885e-01 6.1974173e+00 
9.3300885e-01 6.1974173e+00 
9.3929201e-01 6.2077055e+00 
9.3929201e-01 6.2077055e+00 
9.3929201e-01 6.2077055e+00 
9.4557518e-01 6.2181120e+00 
9.4557518e-01 6.2181120e+00 
9.4557518e-01 6.2181120e+00 
9.5185840e-01 6.2286358e+00 
9.5185840e-01 6.2286358e+00 
9.5185840e-01 6.2286358e+00 
9.5814157e-01 6.2392759e+00 
9.5814157e-01 6.2392759e+00 
9.5814157e-01 6.2392759e+00 
9.6442473e-01 6.2500329e+00 
9.6442473e-01 6.2500329e+00 
9.6442473e-01 6.2500329e+00 
9.7070795e-01 6.2609048e+00 
9.7070795e-01 6.2609048e+00 
9.7070795e-01 6.2609048e+00 
9.7699112e-01 6.2718916e+00 
9.7699112e-01 6.2718916e+00 
9.7699112e-01 6.2718916e+00 
9.8327428e-01 6.2829933e+00 
9.8327428e-01 6.2829933e+00 
9.8327428e-01 6.2829933e+00 
9.8955750e-01 6.2942080e+00 
9.8955750e-01 6.2942080e+00 
9.8955750e-01 6.2942080e+00 
9.9584067e-01 6.3055363e+00 
9.9584067e-01 6.3055363e+00 
9.9584067e-01 6.3055363e+00 
1.0021238e+00 6.3169770e+00 
1.0021238e+00 6.3169770e+00 
1.0021238e+00 6.3169770e+00 
1.0084070e+00 6.3285298e+00 
1.0084070e+00 6.3285298e+00 
1.0084070e+00 6.3285298e+00 
1.0146903e+00 6.3401937e+00 
1.0146903e+00 6.3401937e+00 
1.0146903e+00 6.3401937e+00 
1.0209734e+00 6.3519678e+00 
1.0209734e+00 6.3519678e+00 
1.0209734e+00 6.3519678e+00 
1.0272566e+00 6.3638525e+00 
1.0272566e+00 6.3638525e+00 
1.0272566e+00 6.3638525e+00 
1.0335398e+00 6.3758464e+00 
1.0335398e+00 6.3758464e+00 
1.0335398e+00 6.3758464e+00 
1.0398229e+00 6.3879490e+00 
1.0398229e+00 6.3879490e+00 
1.0398229e+00 6.3879490e+00 
1.0461061e+00 6.4001598e+00 
1.0461061e+00 6.4001598e+00 
1.0461061e+00 6.4001598e+00 
1.0523894e+00 6.4124780e+00 
1.0523894e+00 6.4124780e+00 
1.0523894e+00 6.4124780e+00 
1.0586725e+00 6.4249034e+00 
1.0586725e+00 6.4249034e+00 
1.0586725e+00 6.4249034e+00 
1.0649557e+00 6.4374352e+00 
1.0649557e+00 6.4374352e+00 
1.0649557e+00 6.4374352e+00 
1.0712389e+00 6.4500728e+00 
1.0712389e+00 6.4500728e+00 
1.0712389e+00 6.4500728e+00 
1.0775220e+00 6.4628153e+00 
1.0775220e+00 6.4628153e+00 
1.0775220e+00 6.4628153e+00 
1.0838053e+00 6.4756618e+00 
1.0838053e+00 6.4756618e+00 
1.0838053e+00 6.4756618e+00 
1.0900885e+00 6.4886122e+00 
1.0900885e+00 6.4886122e+00 
1.0900885e+00 6.4886122e+00 
1.0963717e+00 6.5016661e+00 
1.0963717e+00 6.5016661e+00 
1.0963717e+00 6.5016661e+00 
1.1026548e+00 6.5148230e+00 
1.1026548e+00 6.5148230e+00 
1.1026548e+00 6.5148230e+00 
1.1089380e+00 6.5280814e+00 
1.1089380e+00 6.5280814e+00 
1.1089380e+00 6.5280814e+00 
1.1152211e+00 6.5414410e+00 
1.1152211e+00 6.5414410e+00 
1.1152211e+00 6.5414410e+00 
1.1215044e+00 6.5549011e+00 
1.1215044e+00 6.5549011e+00 
1.1215044e+00 6.5549011e+00 
1.1277876e+00 6.5684614e+00 
1.1277876e+00 6.5684614e+00 
1.1277876e+00 6.5684614e+00 
1.1340708e+00 6.5821218e+00 
1.1340708e+00 6.5821218e+00 
1.1340708e+00 6.5821218e+00 
1.1403539e+00 6.5958800e+00 
1.1403539e+00 6.5958800e+00 
1.1403539e+00 6.5958800e+00 
1.1466371e+00 6.6097374e+00 
1.1466371e+00 6.6097374e+00 
1.1466371e+00 6.6097374e+00 
1.1529204e+00 6.6236920e+00 
1.1529204e+00 6.6236920e+00 
1.1529204e+00 6.6236920e+00 
1.1592035e+00 6.6377430e+00 
1.1592035e+00 6.6377430e+00 
1.1592035e+00 6.6377430e+00 
1.1654867e+00 6.6518908e+00 
1.1654867e+00 6.6518908e+00 
1.1654867e+00 6.6518908e+00 
1.1717699e+00 6.6661344e+00 
1.1717699e+00 6.6661344e+00 
1.1717699e+00 6.6661344e+00 
1.1780530e+00 6.6804733e+00 
1.1780530e+00 6.6804733e+00 
1.1780530e+00 6.6804733e+00 
1.1843362e+00 6.6949062e+00 
1.1843362e+00 6.6949062e+00 
1.1843362e+00 6.6949062e+00 
1.1906195e+00 6.7094336e+00 
1.1906195e+00 6.7094336e+00 
1.1906195e+00 6.7094336e+00 
1.1969026e+00 6.7240539e+00 
1.1969026e+00 6.7240539e+00 
1.1969026e+00 6.7240539e+00 
1.2031858e+00 6.7387671e+00 
1.2031858e+00 6.7387671e+00 
1.2031858e+00 6.7387671e+00 
1.2094690e+00 6.7535720e+00 
1.2094690e+00 6.7535720e+00 
1.2094690e+00 6.7535720e+00 
1.2157521e+00 6.7684684e+00 
1.2157521e+00 6.7684684e+00 
1.2157521e+00 6.7684684e+00 
1.2220353e+00 6.7834558e+00 
1.2220353e+00 6.7834558e+00 
1.2220353e+00 6.7834558e+00 
1.2283186e+00 6.7985334e+00 
1.2283186e+00 6.7985334e+00 
1.2283186e+00 6.7985334e+00 
1.2333186e+00 6.7769241e+00 
1.2383186e+00 6.7553725e+00 
1.2433186e+00 6.7338786e+00 
1.2483186e+00 6.7124434e+00 
1.2533185e+00 6.6910667e+00 
1.2583185e+00 6.6697497e+00 
1.2633185e+00 6.6484933e+00 
1.2683185e+00 6.6272974e+00 
1.2733185e+00 6.6061625e+00 
1.2783185e+00 6.5850902e+00 
1.2833185e+00 6.5640798e+00 
1.2883185e+00 6.5431328e+00 
1.2933185e+00 6.5222492e+00 
1.2983185e+00 6.5014305e+00 
1.3033185e+00 6.4806767e+00 
1.3083185e+00 6.4599881e+00 
1.3133185e+00 6.4393659e+00 
1.3183185e+00 6.4188108e+00 
1.3233185e+00 6.3983226e+00 
1.3283185e+00 6.3779030e+00 
1.3333186e+00 6.3575521e+00 
1.3383186e+00 6.3372707e+00 
1.3433186e+00 6.3170595e+00 
1.3483186e+00 6.2969189e+00 
1.3533186e+00 6.2768497e+00 
1.3583186e+00 6.2568531e+00 
1.3633186e+00 6.2369289e+00 
1.3683186e+00 6.2170787e+00 
1.3733186e+00 6.1973028e+00 
1.3783185e+00 6.1776013e+00 
1.3833185e+00 6.1579762e+00 
1.3883185e+00 6.1384273e+00 
1.3933185e+00 6.1189556e+00 
1.3983185e+00 6.0995617e+00 
1.4033185e+00 6.0802464e+00 
1.4083185e+00 6.0610108e+00 
1.4133185e+00 6.0418549e+00 
1.4183185e+00 6.0227809e+00 
1.4233185e+00 6.0037875e+00 
1.4283185e+00 5.9848771e+00 
1.4333185e+00 5.9660501e+00 
1.4363185e+00 5.9547939e+00 
1.4373186e+00 5.9510489e+00 
1.4383185e+00 5.9473071e+00 
1.4393185e+00 5.9435682e+00 
1.4403186e+00 5.9398332e+00 
1.4413185e+00 5.9361019e+00 
1.4423186e+00 5.9323735e+00 
1.4433185e+00 5.9286485e+00 
1.4443185e+00 5.9249277e+00 
1.4453186e+00 5.9212093e+00 
1.4463185e+00 5.9174948e+00 
1.4473186e+00 5.9137840e+00 
1.4483185e+00 5.9100761e+00 
1.4493185e+00 5.9063721e+00 
1.4503186e+00 5.9026713e+00 
1.4513185e+00 5.8989739e+00 
1.4523185e+00 5.8952804e+00 
1.4533185e+00 5.8915901e+00 
1.4543185e+00 5.8879032e+00 
1.4553186e+00 5.8842201e+00 
1.4563185e+00 5.8805404e+00 
1.4573185e+00 5.8768640e+00 
1.4583186e+00 5.8731914e+00 
1.4593185e+00 5.8695221e+00 
1.4603186e+00 5.8658566e+00 
1.4613185e+00 5.8621941e+00 
1.4623185e+00 5.8585353e+00 
1.4633186e+00 5.8548803e+00 
1.4643185e+00 5.8512292e+00 
1.4653186e+00 5.8475814e+00 
1.4663185e+00 5.8439369e+00 
1.4673185e+00 5.8402958e+00 
1.4683186e+00 5.8366585e+00 
1.4693185e+00 5.8330250e+00 
1.4703186e+00 5.8293953e+00 
1.4713185e+00 5.8257685e+00 
1.4723185e+00 5.8221459e+00 
1.4733186e+00 5.8185267e+00 
1.4743185e+00 5.8149114e+00 
1.4753186e+00 5.8112993e+00 
1.4763185e+00 5.8076906e+00 
1.4773185e+00 5.8040867e+00 
1.4783186e+00 5.8004851e+00 
1.4793185e+00 5.7968879e+00 
1.4803185e+00 5.7932944e+00 
1.4813185e+00 5.7897048e+00 
1.4823185e+00 5.7861180e+00 
1.4833186e+00 5.7825351e+00 
1.4843185e+00 5.7789569e+00 
1.4853185e+00 5.7753816e+00 
1.4863186e+00 5.7718096e+00 
1.4873185e+00 5.7682419e+00 
1.4883186e+00 5.7646775e+00 
1.4893185e+00 5.7611175e+00 
1.4903185e+00 5.7575607e+00 
1.4913186e+00 5.7540078e+00 
1.4923185e+00 5.7504587e+00 
1.4933186e+00 5.7469134e+00 
1.4943185e+00 5.7433720e+00 
1.4953185e+00 5.7398343e+00 
1.4963186e+00 5.7363000e+00 
1.4973185e+00 5.7327695e+00 
1.4983186e+00 5.7292433e+00 
1.4993185e+00 5.7257204e+00 
1.5003185e+00 5.7222013e+00 
1.5013186e+00 5.7186866e+00 
1.5023185e+00 5.7151752e+00 
1.5033185e+00 5.7116675e+00 
1.5043185e+00 5.7081642e+00 
1.5053185e+00 5.7046642e+00 
1.5063186e+00 5.7011685e+00 
1.5073185e+00 5.6976767e+00 
1.5083185e+00 5.6941881e+00 
1.5093186e+00 5.6907039e+00 
1.5103185e+00 5.6872234e+00 
1.5113186e+00 5.6837468e+00 
1.5123185e+00 5.6802735e+00 
1.5133185e+00 5.6768050e+00 
1.5143186e+00 5.6733398e+00 
1.5153185e+00 5.6698794e+00 
1.5163186e+00 5.6664224e+00 
1.5173185e+00 5.6629686e+00 
1.5183185e+00 5.6595197e+00 
1.5193186e+00 5.6560740e+00 
1.5203185e+00 5.6526332e+00 
1.5213186e+00 5.6491957e+00 
1.5223185e+00 5.6457620e+00 
1.5233185e+00 5.6423330e+00 
1.5243186e+00 5.6389074e+00 
1.5253185e+00 5.6354861e+00 
1.5263186e+00 5.6320686e+00 
1.5273185e+00 5.6286550e+00 
1.5283185e+00 5.6252451e+00 
1.5293186e+00 5.6218400e+00 
1.5303185e+00 5.6184382e+00 
1.5313185e+00 5.6150413e+00 
1.5323185e+00 5.6116476e+00 
1.5333185e+00 5.6082582e+00 
1.5343186e+00 5.6048732e+00 
1.5353185e+00 5.6014915e+00 
1.5363185e+00 5.5981145e+00 
1.5373186e+00 5.5947409e+00 
1.5383185e+00 5.5913720e+00 
1.5393186e+00 5.5880070e+00 
1.5403185e+00 5.5846462e+00 
1.5413185e+00 5.5812893e+00 
1.5423186e+00 5.5779366e+00 
1.5433185e+00 5.5745883e+00 
1.5443186e+00 5.5712438e+00 
1.5453185e+00 5.5679030e+00 
1.5463185e+00 5.5645671e+00 
1.5473186e+00 5.5612354e+00 
1.5483185e+00 5.5579071e+00 
1.5493186e+00 5.5545835e+00 
1.5503185e+00 5.5512643e+00 
1.5513185e+00 5.5479488e+00 
1.5523186e+00 5.5446372e+00 
1.5533185e+00 5.5413303e+00 
1.5543185e+00 5.5380278e+00 
1.5553185e+00 5.5347290e+00 
1.5563185e+00 5.5314345e+00 
1.5573186e+00 5.5281444e+00 
1.5583185e+00 5.5248585e+00 
1.5593185e+00 5.5215769e+00 
1.5603186e+00 5.5182991e+00 
1.5613185e+00 5.5150261e+00 
1.5623186e+00 5.5117569e+00 
1.5633185e+00 5.5084925e+00 
1.5643185e+00 5.5052319e+00 
1.5653186e+00 5.5019755e+00 
1.5663185e+00 5.4987235e+00 
1.5673186e+00 5.4954762e+00 
1.5683185e+00 5.4922328e+00 
1.5693185e+00 5.4889941e+00 
1.5703186e+00 5.4857593e+00 
1.5713185e+00 5.4825287e+00 
1.5723186e+00 5.4793029e+00 
1.5733185e+00 5.4760814e+00 
1.5743185e+00 5.4728642e+00 
1.5753186e+00 5.4696507e+00 
1.5763185e+00 5.4664426e+00 
1.5773185e+00 5.4632382e+00 
1.5783185e+00 5.4600382e+00 
1.5793185e+00 5.4568429e+00 
1.5803186e+00 5.4536519e+00 
1.5813185e+00 5.4504652e+00 
1.5823185e+00 5.4472828e+00 
1.5833186e+00 5.4441051e+00 
1.5843185e+00 5.4409318e+00 
1.5853186e+00 5.4377627e+00 
1.5863185e+00 5.4345984e+00 
1.5883186e+00 5.4282827e+00 
1.5903186e+00 5.4219851e+00 
1.5923185e+00 5.4157052e+00 
1.5943185e+00 5.4094429e+00 
1.5963185e+00 5.4031987e+00 
1.5983186e+00 5.3969731e+00 
1.6003186e+00 5.3907657e+00 
1.6023185e+00 5.3845758e+00 
1.6043185e+00 5.3784051e+00 
1.6063185e+00 5.3722525e+00 
1.6083186e+00 5.3661180e+00 
1.6103185e+00 5.3600020e+00 
1.6123185e+00 5.3539047e+00 
1.6143185e+00 5.3478260e+00 
1.6163186e+00 5.3417664e+00 
1.6183186e+00 5.3357248e+00 
1.6203185e+00 5.3297024e+00 
1.6223185e+00 5.3236985e+00 
1.6243185e+00 5.3177142e+00 
1.6263186e+00 5.3117485e+00 
1.6283185e+00 5.3058019e+00 
1.6303185e+00 5.2998748e+00 
1.6323185e+00 5.2939663e+00 
1.6343186e+00 5.2880769e+00 
1.6363186e+00 5.2822075e+00 
1.6383185e+00 5.2763567e+00 
1.6403185e+00 5.2705259e+00 
1.6423185e+00 5.2647142e+00 
1.6443186e+00 5.2589231e+00 
1.6463186e+00 5.2531505e+00 
1.6483185e+00 5.2473979e+00 
1.6503185e+00 5.2416649e+00 
1.6523185e+00 5.2359524e+00 
1.6543186e+00 5.2302589e+00 
1.6563185e+00 5.2245865e+00 
1.6583185e+00 5.2189331e+00 
1.6603185e+00 5.2133002e+00 
1.6623186e+00 5.2076874e+00 
1.6643186e+00 5.2020950e+00 
1.6663185e+00 5.1965227e+00 
1.6683185e+00 5.1909709e+00 
1.6703185e+00 5.1854391e+00 
1.6723186e+00 5.1799288e+00 
1.6743186e+00 5.1744380e+00 
1.6763185e+00 5.1689677e+00 
1.6783185e+00 5.1635189e+00 
1.6803185e+00 5.1580906e+00 
1.6823186e+00 5.1526828e+00 
1.6843185e+00 5.1472960e+00 
1.6863185e+00 5.1419306e+00 
1.6883185e+00 5.1365857e+00 
1.6903186e+00 5.1312618e+00 
1.6923186e+00 5.1259594e+00 
1.6943185e+00 5.1206779e+00 
1.6963185e+00 5.1154180e+00 
1.6983185e+00 5.1101789e+00 
1.7003186e+00 5.1049619e+00 
1.7023185e+00 5.0997658e+00 
1.7043185e+00 5.0945916e+00 
1.7063185e+00 5.0894389e+00 
1.7083186e+00 5.0843077e+00 
1.7103186e+00 5.0791988e+00 
1.7123185e+00 5.0741110e+00 
1.7143185e+00 5.0690455e+00 
1.7163185e+00 5.0640016e+00 
1.7183186e+00 5.0589795e+00 
1.7203186e+00 5.0539804e+00 
1.7223185e+00 5.0490022e+00 
1.7243185e+00 5.0440474e+00 
1.7263185e+00 5.0391140e+00 
1.7263185e+00 5.0391140e+00 
1.7273185e+00 5.0366559e+00 
1.7283186e+00 5.0342031e+00 
1.7293185e+00 5.0317559e+00 
1.7303185e+00 5.0293145e+00 
1.7313185e+00 5.0268788e+00 
1.7323185e+00 5.0244489e+00 
1.7333186e+00 5.0220242e+00 
1.7343185e+00 5.0196052e+00 
1.7353185e+00 5.0171919e+00 
1.7363186e+00 5.0147848e+00 
1.7373185e+00 5.0123830e+00 
1.7383186e+00 5.0099864e+00 
1.7393185e+00 5.0075955e+00 
1.7403185e+00 5.0052109e+00 
1.7413186e+00 5.0028315e+00 
1.7423185e+00 5.0004582e+00 
1.7433186e+00 4.9980903e+00 
1.7483186e+00 4.9863367e+00 
1.7533185e+00 4.9747281e+00 
1.7583185e+00 4.9632640e+00 
1.7633185e+00 4.9519458e+00 
1.7683185e+00 4.9407749e+00 
1.7733185e+00 4.9297514e+00 
1.7783185e+00 4.9188776e+00 
1.7833185e+00 4.9081535e+00 
1.7883185e+00 4.8975801e+00 
1.7933185e+00 4.8871589e+00 
1.7983185e+00 4.8768907e+00 
1.8033185e+00 4.8667765e+00 
1.8083185e+00 4.8568168e+00 
1.8133185e+00 4.8470135e+00 
1.8183185e+00 4.8373661e+00 
1.8233185e+00 4.8278770e+00 
1.8283185e+00 4.8185468e+00 
1.8333186e+00 4.8093753e+00 
1.8383186e+00 4.8003650e+00 
1.8433186e+00 4.7915154e+00 
1.8483186e+00 4.7828283e+00 
1.8533186e+00 4.7743049e+00 
1.8583186e+00 4.7659450e+00 
1.8633186e+00 4.7577505e+00 
1.8683186e+00 4.7497211e+00 
1.8733186e+00 4.7418585e+00 
1.8783185e+00 4.7341638e+00 
1.8833185e+00 4.7266369e+00 
1.8883185e+00 4.7192788e+00 
1.8933185e+00 4.7120910e+00 
1.8983185e+00 4.7050734e+00 
1.9033185e+00 4.6982269e+00 
1.9083185e+00 4.6915531e+00 
1.9133185e+00 4.6850529e+00 
1.9183185e+00 4.6787252e+00 
1.9233185e+00 4.6725721e+00 
1.9283185e+00 4.6665940e+00 
1.9333185e+00 4.6607914e+00 
1.9383185e+00 4.6551652e+00 
1.9433185e+00 4.6497159e+00 
1.9483185e+00 4.6444440e+00 
1.9533185e+00 4.6393509e+00 
1.9583186e+00 4.6344357e+00 
1.9633186e+00 4.6297007e+00 
1.9683186e+00 4.6251450e+00 
1.9733186e+00 4.6207700e+00 
1.9783186e+00 4.6165757e+00 
1.9833186e+00 4.6125627e+00 
1.9883186e+00 4.6087322e+00 
1.9933186e+00 4.6050839e+00 
1.9983186e+00 4.6016178e+00 
2.0033185e+00 4.5983353e+00 
2.0083184e+00 4.5952363e+00 
2.0133185e+00 4.5923214e+00 
2.0183184e+00 4.5895905e+00 
2.0233185e+00 4.5870442e+00 
2.0283186e+00 4.5846834e+00 
2.0333185e+00 4.5825081e+00 
2.0383186e+00 4.5805173e+00 
2.0433185e+00 4.5787129e+00 
2.0483186e+00 4.5770941e+00 
2.0533185e+00 4.5756617e+00 
2.0583186e+00 4.5744157e+00 
2.0633185e+00 4.5733557e+00 
2.0683186e+00 4.5724826e+00 
2.0733185e+00 4.5717969e+00 
2.0783186e+00 4.5712972e+00 
2.0833185e+00 4.5709844e+00 
2.0883186e+00 4.5708585e+00 
2.0933185e+00 4.5709200e+00 
2.0983186e+00 4.5711684e+00 
2.1033185e+00 4.5716033e+00 
2.1083186e+00 4.5722246e+00 
2.1133184e+00 4.5730333e+00 
2.1183186e+00 4.5740290e+00 
2.1233184e+00 4.5752101e+00 
2.1283185e+00 4.5765781e+00 
2.1333184e+00 4.5781326e+00 
2.1383185e+00 4.5798731e+00 
2.1433184e+00 4.5817990e+00 
2.1483185e+00 4.5839109e+00 
2.1533186e+00 4.5862083e+00 
2.1583185e+00 4.5886908e+00 
2.1633186e+00 4.5913572e+00 
2.1683185e+00 4.5942087e+00 
2.1733186e+00 4.5972443e+00 
2.1783185e+00 4.6004634e+00 
2.1833186e+00 4.6038661e+00 
2.1883185e+00 4.6074510e+00 
2.1933186e+00 4.6112194e+00 
2.1983185e+00 4.6151695e+00 
2.2033186e+00 4.6193008e+00 
2.2083185e+00 4.6236134e+00 
2.2133186e+00 4.6281071e+00 
2.2183185e+00 4.6327806e+00 
2.2233186e+00 4.6376328e+00 
2.2283185e+00 4.6426649e+00 
2.2333186e+00 4.6478753e+00 
2.2383184e+00 4.6532631e+00 
2.2433186e+00 4.6588283e+00 
2.2483184e+00 4.6645699e+00 
2.2533185e+00 4.6704874e+00 
2.2583184e+00 4.6765804e+00 
2.2633185e+00 4.6828480e+00 
2.2683184e+00 4.6892886e+00 
2.2733185e+00 4.6959028e+00 
2.2783186e+00 4.7026896e+00 
2.2833185e+00 4.7096481e+00 
2.2883186e+00 4.7167773e+00 
2.2933185e+00 4.7240763e+00 
2.2983186e+00 4.7315450e+00 
2.3033185e+00 4.7391820e+00 
2.3083186e+00 4.7469864e+00 
2.3133185e+00 4.7549586e+00 
2.3183186e+00 4.7630963e+00 
2.3233185e+00 4.7713995e+00 
2.3283186e+00 4.7798662e+00 
2.3333185e+00 4.7884970e+00 
2.3383186e+00 4.7972903e+00 
2.3433185e+00 4.8062453e+00 
2.3483186e+00 4.8153610e+00 
2.3533185e+00 4.8246365e+00 
2.3583186e+00 4.8340712e+00 
2.3633184e+00 4.8436637e+00 
2.3683186e+00 4.8534136e+00 
2.3733184e+00 4.8633194e+00 
2.3783185e+00 4.8733802e+00 
2.3833184e+00 4.8835955e+00 
2.3883185e+00 4.8939643e+00 
2.3933184e+00 4.9044847e+00 
2.3983185e+00 4.9151568e+00 
2.4033186e+00 4.9259791e+00 
2.4083185e+00 4.9369507e+00 
2.4133186e+00 4.9480710e+00 
2.4183185e+00 4.9593382e+00 
2.4233186e+00 4.9707522e+00 
2.4283185e+00 4.9823112e+00 
2.4333186e+00 4.9940147e+00 
2.4383185e+00 5.0058618e+00 
2.4433186e+00 5.0178509e+00 
2.4483185e+00 5.0299811e+00 
2.4483185e+00 5.0055518e+00 
2.4493186e+00 5.0085363e+00 
2.4503186e+00 5.0113420e+00 
2.4503186e+00 5.0114131e+00 
2.4513185e+00 5.0140734e+00 
2.4523184e+00 5.0167389e+00 
2.4523184e+00 5.0167389e+00 
2.4533186e+00 5.0194097e+00 
2.4543185e+00 5.0220857e+00 
2.4543185e+00 5.0220857e+00 
2.4563186e+00 5.0274534e+00 
2.4583185e+00 5.0328426e+00 
2.4603186e+00 5.0382524e+00 
2.4623184e+00 5.0436835e+00 
2.4643185e+00 5.0491357e+00 
2.4663186e+00 5.0546083e+00 
2.4683185e+00 5.0601025e+00 
2.4703186e+00 5.0656161e+00 
2.4723186e+00 5.0711517e+00 
2.4743185e+00 5.0767069e+00 
2.4763186e+00 5.0822825e+00 
2.4783185e+00 5.0878797e+00 
2.4803185e+00 5.0934963e+00 
2.4823186e+00 5.0991330e+00 
2.4843185e+00 5.1047907e+00 
2.4863186e+00 5.1104684e+00 
2.4883184e+00 5.1161661e+00 
2.4903185e+00 5.1218834e+00 
2.4923186e+00 5.1276212e+00 
2.4943185e+00 5.1333790e+00 
2.4963186e+00 5.1391563e+00 
2.4983184e+00 5.1449533e+00 
2.5003185e+00 5.1507702e+00 
2.5023186e+00 5.1566067e+00 
2.5043185e+00 5.1624627e+00 
2.5063186e+00 5.1683383e+00 
2.5083184e+00 5.1742330e+00 
2.5103185e+00 5.1801476e+00 
2.5123186e+00 5.1860809e+00 
2.5143185e+00 5.1920338e+00 
2.5163186e+00 5.1980062e+00 
2.5183184e+00 5.2039971e+00 
2.5203185e+00 5.2100077e+00 
2.5223186e+00 5.2160363e+00 
2.5243185e+00 5.2220845e+00 
2.5263186e+00 5.2281518e+00 
2.5283186e+00 5.2342372e+00 
2.5303185e+00 5.2403417e+00 
2.5323186e+00 5.2464647e+00 
2.5343184e+00 5.2526064e+00 
2.5363185e+00 5.2587667e+00 
2.5383186e+00 5.2649450e+00 
2.5403185e+00 5.2711420e+00 
2.5423186e+00 5.2773571e+00 
2.5443184e+00 5.2835903e+00 
2.5463185e+00 5.2898426e+00 
2.5483186e+00 5.2961121e+00 
2.5503185e+00 5.3023996e+00 
2.5523186e+00 5.3087058e+00 
2.5543184e+00 5.3150301e+00 
2.5563185e+00 5.3213716e+00 
2.5583186e+00 5.3277311e+00 
2.5603185e+00 5.3341084e+00 
2.5623186e+00 5.3405032e+00 
2.5643184e+00 5.3469157e+00 
2.5663185e+00 5.3533454e+00 
2.5683186e+00 5.3597937e+00 
2.5703185e+00 5.3662581e+00 
2.5723186e+00 5.3727407e+00 
2.5743186e+00 5.3792405e+00 
2.5763185e+00 5.3857574e+00 
2.5783186e+00 5.3922911e+00 
2.5803185e+00 5.3988423e+00 
2.5823185e+00 5.4054108e+00 
2.5843186e+00 5.4119959e+00 
2.5863185e+00 5.4185982e+00 
2.5883186e+00 5.4252172e+00 
2.5903184e+00 5.4318528e+00 
2.5923185e+00 5.4385052e+00 
2.5943186e+00 5.4451742e+00 
2.5963185e+00 5.4518604e+00 
2.5983186e+00 5.4585629e+00 
2.6003184e+00 5.4652815e+00 
2.6023185e+00 5.4720168e+00 
2.6043186e+00 5.4787688e+00 
2.6063185e+00 5.4855371e+00 
2.6083186e+00 5.4923210e+00 
2.6103184e+00 5.4991217e+00 
2.6123185e+00 5.5059381e+00 
2.6143186e+00 5.5127707e+00 
2.6163185e+00 5.5196195e+00 
2.6183186e+00 5.5264840e+00 
2.6203184e+00 5.5333648e+00 
2.6223185e+00 5.5402613e+00 
2.6243186e+00 5.5471735e+00 
2.6263185e+00 5.5541010e+00 
2.6283185e+00 5.5610442e+00 
2.6303186e+00 5.5680037e+00 
2.6323185e+00 5.5749784e+00 
2.6343186e+00 5.5819683e+00 
2.6363184e+00 5.5889740e+00 
2.6383185e+00 5.5956202e+00 
2.6403186e+00 5.6015320e+00 
2.6423185e+00 5.6067080e+00 
2.6443186e+00 5.6111488e+00 
2.6463184e+00 5.6148515e+00 
2.6483185e+00 5.6178179e+00 
2.6503186e+00 5.6200461e+00 
2.6523185e+00 5.6215363e+00 
2.6543186e+00 5.6222882e+00 
2.6563184e+00 5.6223016e+00 
2.6583185e+00 5.6215773e+00 
2.6603186e+00 5.6201138e+00 
2.6623185e+00 5.6179128e+00 
2.6643186e+00 5.6149740e+00 
2.6663184e+00 5.6112981e+00 
2.6683185e+00 5.6068850e+00 
2.6703186e+00 5.6017356e+00 
2.6723185e+00 5.5958514e+00 
2.6743186e+00 5.5892320e+00 
2.6763186e+00 5.5818791e+00 
2.6783185e+00 5.5737939e+00 
2.6803186e+00 5.5649767e+00 
2.6823184e+00 5.5554295e+00 
2.6843185e+00 5.5451531e+00 
2.6863186e+00 5.5341496e+00 
2.6883185e+00 5.5224204e+00 
2.6903186e+00 5.5099669e+00 
2.6923184e+00 5.4967909e+00 
2.6943185e+00 5.4828949e+00 
2.6963186e+00 5.4682798e+00 
2.6983185e+00 5.4529490e+00 
2.7003186e+00 5.4369035e+00 
2.7023184e+00 5.4201460e+00 
2.7043185e+00 5.4026790e+00 
2.7063186e+00 5.3845053e+00 
2.7083185e+00 5.3656268e+00 
2.7103186e+00 5.3460469e+00 
2.7123184e+00 5.3257675e+00 
2.7143185e+00 5.3047929e+00 
2.7163186e+00 5.2831254e+00 
2.7183185e+00 5.2607675e+00 
2.7203186e+00 5.2377234e+00 
2.7223186e+00 5.2139955e+00 
2.7243185e+00 5.1895881e+00 
2.7263186e+00 5.1645045e+00 
2.7283185e+00 5.1387482e+00 
2.7303185e+00 5.1123233e+00 
2.7323186e+00 5.0852332e+00 
2.7343185e+00 5.0574818e+00 
2.7363186e+00 5.0290732e+00 
2.7383184e+00 5.0000124e+00 
2.7403185e+00 4.9703021e+00 
2.7423186e+00 4.9399481e+00 
2.7443185e+00 4.9089546e+00 
2.7463186e+00 4.8773255e+00 
2.7483184e+00 4.8450661e+00 
2.7503185e+00 4.8121810e+00 
2.7523186e+00 4.7786746e+00 
2.7543185e+00 4.7445531e+00 
2.7563186e+00 4.7098203e+00 
2.7583184e+00 4.6744823e+00 
2.7603185e+00 4.6385436e+00 
2.7623186e+00 4.6020107e+00 
2.7643185e+00 4.5648890e+00 
2.7663186e+00 4.5271826e+00 
2.7683184e+00 4.4888992e+00 
2.7703185e+00 4.4500442e+00 
2.7723186e+00 4.4106226e+00 
2.7743185e+00 4.3706412e+00 
2.7763186e+00 4.3301067e+00 
2.7803185e+00 4.2485547e+00 
2.7843184e+00 4.1671433e+00 
2.7883186e+00 4.0858803e+00 
2.7923186e+00 4.0047741e+00 
2.7963185e+00 3.9238353e+00 
2.8003185e+00 3.8430743e+00 
2.8043184e+00 3.7625024e+00 
2.8083186e+00 3.6821322e+00 
2.8123186e+00 3.6019769e+00 
2.8163185e+00 3.5220516e+00 
2.8203185e+00 3.4423718e+00 
2.8243186e+00 3.3629553e+00 
2.8283186e+00 3.2838211e+00 
2.8323185e+00 3.2049901e+00 
2.8363185e+00 3.1264853e+00 
2.8403184e+00 3.0483317e+00 
2.8443186e+00 2.9705575e+00 
2.8483186e+00 2.8931928e+00 
2.8523185e+00 2.8162715e+00 
2.8563185e+00 2.7398312e+00 
2.8603184e+00 2.6639128e+00 
2.8643186e+00 2.5885625e+00 
2.8683186e+00 2.5138314e+00 
2.8703184e+00 2.4769638e+00 
2.8723185e+00 2.4407632e+00 
2.8743186e+00 2.4052312e+00 
2.8763185e+00 2.3703690e+00 
2.8783185e+00 2.3361778e+00 
2.8803186e+00 2.3026602e+00 
2.8823185e+00 2.2698188e+00 
2.8843186e+00 2.2376566e+00 
2.8863184e+00 2.2061777e+00 
2.8883185e+00 2.1753857e+00 
2.8903186e+00 2.1452856e+00 
2.8923185e+00 2.1158826e+00 
2.8943186e+00 2.0871823e+00 
2.8963184e+00 2.0591908e+00 
2.8983185e+00 2.0319147e+00 
2.9003186e+00 2.0053613e+00 
2.9023185e+00 1.9795377e+00 
2.9043186e+00 1.9544529e+00 
2.9063184e+00 1.9301145e+00 
2.9083185e+00 1.9065318e+00 
2.9103186e+00 1.8837144e+00 
2.9123185e+00 1.8616717e+00 
2.9143186e+00 1.8404138e+00 
2.9163184e+00 1.8199511e+00 
2.9183185e+00 1.8002943e+00 
2.9203186e+00 1.7814541e+00 
2.9223185e+00 1.7634414e+00 
2.9243186e+00 1.7462677e+00 
2.9263186e+00 1.7299438e+00 
2.9283185e+00 1.7144810e+00 
2.9303186e+00 1.6998905e+00 
2.9323184e+00 1.6861831e+00 
2.9343185e+00 1.6733693e+00 
2.9363186e+00 1.6614599e+00 
2.9383185e+00 1.6504648e+00 
2.9403186e+00 1.6403933e+00 
2.9423184e+00 1.6312548e+00 
2.9443185e+00 1.6230576e+00 
2.9463186e+00 1.6158097e+00 
2.9483185e+00 1.6095178e+00 
2.9503186e+00 1.6041883e+00 
2.9523184e+00 1.5998267e+00 
2.9543185e+00 1.5964373e+00 
2.9563186e+00 1.5940236e+00 
2.9583185e+00 1.5925882e+00 
2.9603186e+00 1.5921324e+00 
2.9623184e+00 1.5926571e+00 
2.9643185e+00 1.5941614e+00 
2.9663186e+00 1.5966438e+00 
2.9683185e+00 1.6001017e+00 
2.9703186e+00 1.6045316e+00 
2.9723186e+00 1.6099288e+00 
2.9743185e+00 1.6162882e+00 
2.9763186e+00 1.6236032e+00 
2.9783185e+00 1.6318669e+00 
2.9803185e+00 1.6410713e+00 
2.9823186e+00 1.6512079e+00 
2.9843185e+00 1.6622677e+00 
2.9863186e+00 1.6742412e+00 
2.9883184e+00 1.6871179e+00 
2.9903185e+00 1.7008879e+00 
2.9923186e+00 1.7155402e+00 
2.9943185e+00 1.7310640e+00 
2.9963186e+00 1.7474478e+00 
2.9983184e+00 1.7646811e+00 
3.0003185e+00 1.7827523e+00 
3.0023186e+00 1.8016502e+00 
3.0043185e+00 1.8213642e+00 
3.0063186e+00 1.8418831e+00 
3.0083184e+00 1.8631965e+00 
3.0123186e+00 1.9074214e+00 
3.0163186e+00 1.9531932e+00 
3.0203185e+00 2.0004058e+00 
3.0243185e+00 2.0489595e+00 
3.0283186e+00 2.0987616e+00 
3.0323186e+00 2.1497247e+00 
3.0363185e+00 2.2017686e+00 
3.0403185e+00 2.2548184e+00 
3.0443184e+00 2.3088048e+00 
3.0483186e+00 2.3636637e+00 
3.0523186e+00 2.4193354e+00 
3.0563185e+00 2.4757652e+00 
3.0603185e+00 2.5329027e+00 
3.0643184e+00 2.5907011e+00 
3.0683186e+00 2.6491165e+00 
3.0723186e+00 2.7081099e+00 
3.0763185e+00 2.7676435e+00 
3.0803185e+00 2.8276834e+00 
3.0843186e+00 2.8881984e+00 
3.0883186e+00 2.9491591e+00 
3.0923185e+00 3.0105381e+00 
3.0963185e+00 3.0723107e+00 
3.1003184e+00 3.1344538e+00 
3.1023185e+00 3.1652851e+00 
3.1043186e+00 3.1954527e+00 
3.1063185e+00 3.2249467e+00 
3.1083186e+00 3.2537582e+00 
3.1103184e+00 3.2818780e+00 
3.1123185e+00 3.3092976e+00 
3.1143186e+00 3.3360085e+00 
3.1163185e+00 3.3620031e+00 
3.1183186e+00 3.3872728e+00 
3.1203184e+00 3.4118106e+00 
3.1223185e+00 3.4356091e+00 
3.1243186e+00 3.4586616e+00 
3.1263185e+00 3.4809604e+00 
3.1283185e+00 3.5025001e+00 
3.1303186e+00 3.5232737e+00 
3.1323185e+00 3.5432751e+00 
3.1343186e+00 3.5624993e+00 
3.1363184e+00 3.5809402e+00 
3.1383185e+00 3.5985928e+00 
3.1403186e+00 3.6154516e+00 
3.1423185e+00 3.6315124e+00 
3.1443186e+00 3.6467702e+00 
3.1463184e+00 3.6612208e+00 
3.1483185e+00 3.6748605e+00 
3.1503186e+00 3.6876850e+00 
3.1523185e+00 3.6996913e+00 
3.1543186e+00 3.7108753e+00 
3.1563184e+00 3.7212341e+00 
3.1583185e+00 3.7307651e+00 
3.1603186e+00 3.7394652e+00 
3.1623185e+00 3.7473326e+00 
3.1643186e+00 3.7543645e+00 
3.1663184e+00 3.7605596e+00 
3.1683185e+00 3.7659154e+00 
3.1703186e+00 3.7704308e+00 
3.1723185e+00 3.7741048e+00 
3.1743186e+00 3.7769361e+00 
3.1763186e+00 3.7789240e+00 
3.1783185e+00 3.7800679e+00 
3.1803186e+00 3.7803674e+00 
3.1823184e+00 3.7798228e+00 
3.1843185e+00 3.7784336e+00 
3.1863186e+00 3.7762008e+00 
3.1883185e+00 3.7731247e+00 
3.1903186e+00 3.7692063e+00 
3.1923184e+00 3.7644465e+00 
3.1943185e+00 3.7588470e+00 
3.1963186e+00 3.7524087e+00 
3.1983185e+00 3.7451339e+00 
3.2003186e+00 3.7370248e+00 
3.2023184e+00 3.7280829e+00 
3.2043185e+00 3.7183113e+00 
3.2063186e+00 3.7077124e+00 
3.2083185e+00 3.6962893e+00 
3.2103186e+00 3.6840453e+00 
3.2123184e+00 3.6709838e+00 
3.2143185e+00 3.6571081e+00 
3.2163186e+00 3.6424227e+00 
3.2183185e+00 3.6269310e+00 
3.2203186e+00 3.6106379e+00 
3.2223186e+00 3.5935483e+00 
3.2243185e+00 3.5756664e+00 
3.2263186e+00 3.5569973e+00 
3.2283185e+00 3.5375469e+00 
3.2303185e+00 3.5173206e+00 
3.2323186e+00 3.4963241e+00 
3.2343185e+00 3.4745631e+00 
3.2363186e+00 3.4520447e+00 
3.2383184e+00 3.4287751e+00 
3.2403185e+00 3.4047613e+00 
3.2423186e+00 3.3804119e+00 
3.2443185e+00 3.3561318e+00 
3.2463186e+00 3.3319228e+00 
3.2483184e+00 3.3077860e+00 
3.2503185e+00 3.2837238e+00 
3.2523186e+00 3.2597370e+00 
3.2543185e+00 3.2358279e+00 
3.2563186e+00 3.2119980e+00 
3.2583184e+00 3.1882489e+00 
3.2603185e+00 3.1645827e+00 
3.2623186e+00 3.1410010e+00 
3.2643185e+00 3.1175063e+00 
3.2663186e+00 3.0940998e+00 
3.2683184e+00 3.0707839e+00 
3.2703185e+00 3.0475607e+00 
3.2723186e+00 3.0244322e+00 
3.2743185e+00 3.0014007e+00 
3.2763186e+00 2.9784687e+00 
3.2783186e+00 2.9556379e+00 
3.2803185e+00 2.9329112e+00 
3.2823186e+00 2.9102910e+00 
3.2843184e+00 2.8877792e+00 
3.2863185e+00 2.8653791e+00 
3.2883186e+00 2.8430929e+00 
3.2903185e+00 2.8209238e+00 
3.2923186e+00 2.7988739e+00 
3.2943184e+00 2.7769463e+00 
3.2963185e+00 2.7551444e+00 
3.2983186e+00 2.7334704e+00 
3.3003185e+00 2.7119279e+00 
3.3023186e+00 2.6905198e+00 
3.3043184e+00 2.6692498e+00 
3.3063185e+00 2.6481204e+00 
3.3083186e+00 2.6271360e+00 
3.3103185e+00 2.6062992e+00 
3.3123186e+00 2.5856142e+00 
3.3143184e+00 2.5650842e+00 
3.3163185e+00 2.5447133e+00 
3.3183186e+00 2.5245051e+00 
3.3203185e+00 2.5044637e+00 
3.3223186e+00 2.4845934e+00 
3.3243186e+00 2.4648976e+00 
3.3263185e+00 2.4453812e+00 
3.3283186e+00 2.4260480e+00 
3.3303185e+00 2.4069030e+00 
3.3323185e+00 2.3879504e+00 
3.3343186e+00 2.3691947e+00 
3.3363185e+00 2.3506408e+00 
3.3383186e+00 2.3322935e+00 
3.3403184e+00 2.3141575e+00 
3.3413186e+00 2.3051705e+00 
3.3433185e+00 2.2873614e+00 
3.3453186e+00 2.2697763e+00 
3.3473186e+00 2.2524209e+00 
3.3493185e+00 2.2353001e+00 
3.3513186e+00 2.2184196e+00 
3.3533185e+00 2.2017846e+00 
3.3553185e+00 2.1854012e+00 
3.3573186e+00 2.1692748e+00 
3.3593185e+00 2.1534114e+00 
3.3613186e+00 2.1378162e+00 
3.3633184e+00 2.1224961e+00 
3.3653185e+00 2.1074562e+00 
3.3673186e+00 2.0927033e+00 
3.3693185e+00 2.0782428e+00 
3.3713186e+00 2.0640817e+00 
3.3733184e+00 2.0502253e+00 
3.3753185e+00 2.0366802e+00 
3.3773186e+00 2.0234528e+00 
3.3793185e+00 2.0105491e+00 
3.3813186e+00 1.9979756e+00 
3.3833184e+00 1.9857385e+00 
3.3853185e+00 1.9738439e+00 
3.3873186e+00 1.9622983e+00 
3.3893185e+00 1.9511079e+00 
3.3913186e+00 1.9402784e+00 
3.3933184e+00 1.9298165e+00 
3.3953185e+00 1.9197277e+00 
3.3973186e+00 1.9100182e+00 
3.3993185e+00 1.9006935e+00 
3.4013186e+00 1.8917596e+00 
3.4033186e+00 1.8832221e+00 
3.4053185e+00 1.8750863e+00 
3.4073186e+00 1.8673574e+00 
3.4093184e+00 1.8600404e+00 
3.4113185e+00 1.8531405e+00 
3.4133186e+00 1.8466619e+00 
3.4153185e+00 1.8406094e+00 
3.4173186e+00 1.8349872e+00 
3.4193184e+00 1.8297992e+00 
3.4213185e+00 1.8250490e+00 
3.4233186e+00 1.8207402e+00 
3.4253185e+00 1.8168759e+00 
3.4273186e+00 1.8134588e+00 
3.4293184e+00 1.8104916e+00 
3.4313185e+00 1.8079764e+00 
3.4333186e+00 1.8059151e+00 
3.4353185e+00 1.8043095e+00 
3.4373186e+00 1.8031604e+00 
3.4393184e+00 1.8024690e+00 
3.4413185e+00 1.8022357e+00 
3.4433186e+00 1.8024608e+00 
3.4453185e+00 1.8031439e+00 
3.4473186e+00 1.8042846e+00 
3.4493186e+00 1.8058820e+00 
3.4513185e+00 1.8079350e+00 
3.4533186e+00 1.8104419e+00 
3.4553185e+00 1.8134009e+00 
3.4573185e+00 1.8168098e+00 
3.4593186e+00 1.8206661e+00 
3.4613185e+00 1.8249669e+00 
3.4633186e+00 1.8297091e+00 
3.4653184e+00 1.8348892e+00 
3.4673185e+00 1.8405036e+00 
3.4693186e+00 1.8465482e+00 
3.4713185e+00 1.8530190e+00 
3.4733186e+00 1.8599113e+00 
3.4753184e+00 1.8672209e+00 
3.4773185e+00 1.8749423e+00 
3.4793186e+00 1.8830708e+00 
3.4813185e+00 1.8916011e+00 
3.4833186e+00 1.9005278e+00 
3.4853184e+00 1.9098454e+00 
3.4873185e+00 1.9195479e+00 
3.4893186e+00 1.9296299e+00 
3.4913185e+00 1.9400852e+00 
3.4933186e+00 1.9509079e+00 
3.4953184e+00 1.9620920e+00 
3.4973185e+00 1.9736314e+00 
3.4993186e+00 1.9855194e+00 
3.5013185e+00 1.9977503e+00 
3.5033185e+00 2.0103178e+00 
3.5053186e+00 2.0232153e+00 
3.5073185e+00 2.0364373e+00 
3.5093186e+00 2.0499766e+00 
3.5113184e+00 2.0638270e+00 
3.5133185e+00 2.0779829e+00 
3.5153186e+00 2.0924380e+00 
3.5173185e+00 2.1071858e+00 
3.5193186e+00 2.1222203e+00 
3.5213184e+00 2.1375358e+00 
3.5233185e+00 2.1531255e+00 
3.5253186e+00 2.1689844e+00 
3.5273185e+00 2.1851060e+00 
3.5293186e+00 2.2014849e+00 
3.5313184e+00 2.2181151e+00 
3.5333185e+00 2.2349913e+00 
3.5353186e+00 2.2521076e+00 
3.5373185e+00 2.2694592e+00 
3.5393186e+00 2.2870400e+00 
3.5413184e+00 2.3048453e+00 
3.5433185e+00 2.3228695e+00 
3.5453186e+00 2.3411078e+00 
3.5473185e+00 2.3595552e+00 
3.5493186e+00 2.3782072e+00 
3.5513186e+00 2.3970582e+00 
3.5533185e+00 2.4161043e+00 
3.5553186e+00 2.4353404e+00 
3.5573184e+00 2.4547625e+00 
3.5593185e+00 2.4743657e+00 
3.5613186e+00 2.4941461e+00 
3.5633185e+00 2.5140994e+00 
3.5653186e+00 2.5342216e+00 
3.5673184e+00 2.5545089e+00 
3.5693185e+00 2.5749567e+00 
3.5713186e+00 2.5955620e+00 
3.5733185e+00 2.6163206e+00 
3.5753186e+00 2.6372290e+00 
3.5773184e+00 2.6582837e+00 
3.5793185e+00 2.6794813e+00 
3.5813186e+00 2.7008183e+00 
3.5833185e+00 2.7222915e+00 
3.5853186e+00 2.7438974e+00 
3.5873184e+00 2.7656336e+00 
3.5893185e+00 2.7874963e+00 
3.5913186e+00 2.8094833e+00 
3.5933185e+00 2.8315911e+00 
3.5953186e+00 2.8538170e+00 
3.5973186e+00 2.8761582e+00 
3.5993185e+00 2.8986125e+00 
3.6013186e+00 2.9211769e+00 
3.6033185e+00 2.9438486e+00 
3.6053185e+00 2.9666259e+00 
3.6073186e+00 2.9895058e+00 
3.6093185e+00 3.0124860e+00 
3.6113186e+00 3.0355644e+00 
3.6133184e+00 3.0587387e+00 
3.6153185e+00 3.0820069e+00 
3.6173186e+00 3.1053667e+00 
3.6193185e+00 3.1288159e+00 
3.6213186e+00 3.1523530e+00 
3.6233184e+00 3.1759756e+00 
3.6253185e+00 3.1996818e+00 
3.6273186e+00 3.2234702e+00 
3.6293185e+00 3.2473385e+00 
3.6313186e+00 3.2712853e+00 
3.6333184e+00 3.2953086e+00 
3.6353185e+00 3.3194070e+00 
3.6373186e+00 3.3435786e+00 
3.6393185e+00 3.3678222e+00 
3.6413186e+00 3.3921356e+00 
3.6433184e+00 3.4165182e+00 
3.6453185e+00 3.4409680e+00 
3.6473186e+00 3.4654834e+00 
3.6493185e+00 3.4900637e+00 
3.6513186e+00 3.5147066e+00 
3.6533186e+00 3.5394115e+00 
3.6553185e+00 3.5641770e+00 
3.6573186e+00 3.5890019e+00 
3.6593184e+00 3.6138844e+00 
3.6613185e+00 3.6388242e+00 
3.6633186e+00 3.6638196e+00 
3.6653185e+00 3.6888692e+00 
3.6673186e+00 3.7139726e+00 
3.6693184e+00 3.7391284e+00 
3.6713185e+00 3.7643354e+00 
3.6733186e+00 3.7895925e+00 
3.6753185e+00 3.8148992e+00 
3.6773186e+00 3.8402541e+00 
3.6793184e+00 3.8656564e+00 
3.6813185e+00 3.8911052e+00 
3.6833186e+00 3.9165993e+00 
3.6853185e+00 3.9421384e+00 
3.6873186e+00 3.9677210e+00 
3.6893184e+00 3.9933469e+00 
3.6913185e+00 4.0190144e+00 
3.6933186e+00 4.0447235e+00 
3.6953185e+00 4.0704732e+00 
3.6973186e+00 4.0962625e+00 
3.6993186e+00 4.1220913e+00 
3.7013185e+00 4.1479578e+00 
3.7033186e+00 4.1738629e+00 
3.7053185e+00 4.1998038e+00 
3.7073185e+00 4.2257810e+00 
3.7093186e+00 4.2517943e+00 
3.7113185e+00 4.2778425e+00 
3.7133186e+00 4.3039246e+00 
3.7153184e+00 4.3300405e+00 
3.7173185e+00 4.3561897e+00 
3.7193186e+00 4.3823709e+00 
3.7213185e+00 4.4085846e+00 
3.7233186e+00 4.4348288e+00 
3.7253184e+00 4.4611039e+00 
3.7273185e+00 4.4874096e+00 
3.7293186e+00 4.5137453e+00 
3.7313185e+00 4.5401096e+00 
3.7333186e+00 4.5665026e+00 
3.7353184e+00 4.5929241e+00 
3.7373185e+00 4.6193728e+00 
3.7393186e+00 4.6458492e+00 
3.7413185e+00 4.6723523e+00 
3.7433186e+00 4.6988816e+00 
3.7453184e+00 4.7254367e+00 
3.7473185e+00 4.7520170e+00 
3.7493186e+00 4.7786226e+00 
3.7513185e+00 4.8052530e+00 
3.7533185e+00 4.8319068e+00 
3.7553186e+00 4.8585849e+00 
3.7573185e+00 4.8852863e+00 
3.7593186e+00 4.9120111e+00 
3.7613184e+00 4.9387584e+00 
3.7633185e+00 4.9655280e+00 
3.7653186e+00 4.9923191e+00 
3.7673185e+00 5.0191321e+00 
3.7693186e+00 5.0459661e+00 
3.7713184e+00 5.0728211e+00 
3.7733185e+00 5.0996966e+00 
3.7753186e+00 5.1265922e+00 
3.7773185e+00 5.1535077e+00 
3.7793186e+00 5.1804438e+00 
3.7813184e+00 5.2073979e+00 
3.7833185e+00 5.2343712e+00 
3.7853186e+00 5.2613640e+00 
3.7873185e+00 5.2883744e+00 
3.7893186e+00 5.3154035e+00 
3.7913184e+00 5.3424506e+00 
3.7933185e+00 5.3695145e+00 
3.7953186e+00 5.3965960e+00 
3.7973185e+00 5.4236946e+00 
3.7993186e+00 5.4508104e+00 
3.8013186e+00 5.4779425e+00 
3.8033185e+00 5.5050912e+00 
3.8053186e+00 5.5322552e+00 
3.8073184e+00 5.5594358e+00 
3.8093185e+00 5.5866323e+00 
3.8113186e+00 5.6138434e+00 
3.8133185e+00 5.6410699e+00 
3.8153186e+00 5.6683116e+00 
3.8173184e+00 5.6955676e+00 
3.8193185e+00 5.7228379e+00 
3.8213186e+00 5.7501235e+00 
3.8233185e+00 5.7774224e+00 
3.8253186e+00 5.8047352e+00 
3.8273184e+00 5.8320622e+00 
3.8293185e+00 5.8594027e+00 
3.8313186e+00 5.8867564e+00 
3.8333185e+00 5.9141226e+00 
3.8353186e+00 5.9415026e+00 
3.8373184e+00 5.9688954e+00 
3.8393185e+00 5.9963002e+00 
3.8413186e+00 6.0237179e+00 
3.8433185e+00 6.0511479e+00 
3.8453186e+00 6.0785899e+00 
3.8473186e+00 6.1060438e+00 
3.8493185e+00 6.1335096e+00 
3.8513186e+00 6.1609869e+00 
3.8533185e+00 6.1884761e+00 
3.8553185e+00 6.2159762e+00 
3.8573186e+00 6.2434874e+00 
3.8593185e+00 6.2710099e+00 
3.8613186e+00 6.2985430e+00 
3.8633184e+00 6.3260870e+00 
3.8653185e+00 6.3536415e+00 
3.8673186e+00 6.3812060e+00 
3.8693185e+00 6.4087815e+00 
3.8713186e+00 6.4363670e+00 
3.8733184e+00 6.4639630e+00 
3.8753185e+00 6.4915686e+00 
3.8773186e+00 6.5191836e+00 
3.8793185e+00 6.5468087e+00 
3.8813186e+00 6.5744433e+00 
3.8833184e+00 6.6020875e+00 
3.8853185e+00 6.6297407e+00 
3.8873186e+00 6.6574035e+00 
3.8893185e+00 6.6850748e+00 
3.8913186e+00 6.7127557e+00 
3.8933184e+00 6.7404451e+00 
3.8953185e+00 6.7681432e+00 
3.8973186e+00 6.7958503e+00 
3.8993185e+00 6.8235660e+00 
3.9013186e+00 6.8512893e+00 
3.9033186e+00 6.8790216e+00 
3.9053185e+00 6.9067621e+00 
3.9073186e+00 6.9345112e+00 
3.9093184e+00 6.9622679e+00 
3.9113185e+00 6.9900322e+00 
3.9133186e+00 7.0178046e+00 
3.9153185e+00 7.0455852e+00 
3.9173186e+00 7.0733728e+00 
3.9193184e+00 7.1011682e+00 
3.9213185e+00 7.1289716e+00 
3.9233186e+00 7.1567817e+00 
3.9253185e+00 7.1845994e+00 
3.9273186e+00 7.2124248e+00 
3.9293184e+00 7.2402568e+00 
3.9313185e+00 7.2680960e+00 
3.9333186e+00 7.2959418e+00 
3.9353185e+00 7.3237948e+00 
3.9373186e+00 7.3516550e+00 
3.9393184e+00 7.3795218e+00 
3.9413185e+00 7.4073949e+00 
3.9433186e+00 7.4352746e+00 
3.9453185e+00 7.4631615e+00 
3.9473186e+00 7.4910541e+00 
3.9493186e+00 7.5189538e+00 
3.9513185e+00 7.5468593e+00 
3.9533186e+00 7.5747709e+00 
3.9553185e+00 7.6026888e+00 
3.9573185e+00 7.6306133e+00 
3.9593186e+00 7.6585431e+00 
3.9613185e+00 7.6864796e+00 
3.9633186e+00 7.7144213e+00 
3.9653184e+00 7.7423697e+00 
3.9673185e+00 7.7703233e+00 
3.9693186e+00 7.7982826e+00 
3.9713185e+00 7.8262472e+00 
3.9733186e+00 7.8542175e+00 
3.9753184e+00 7.8821945e+00 
3.9773185e+00 7.9101763e+00 
3.9793186e+00 7.9381633e+00 
3.9813185e+00 7.9661551e+00 
3.9833186e+00 7.9941535e+00 
3.9853184e+00 8.0221567e+00 
3.9873185e+00 8.0501642e+00 
3.9893186e+00 8.0781775e+00 
3.9913185e+00 8.1061964e+00 
3.9933186e+00 8.1342201e+00 
3.9953184e+00 8.1622477e+00 
3.9973185e+00 8.1902819e+00 
3.9993186e+00 8.2183199e+00 
4.0013185e+00 8.2463627e+00 
4.0033183e+00 8.2744112e+00 
4.0053186e+00 8.3024635e+00 
4.0073185e+00 8.3305206e+00 
4.0093184e+00 8.3585825e+00 
4.0113187e+00 8.3866491e+00 
4.0133185e+00 8.4147205e+00 
4.0153184e+00 8.4427958e+00 
4.0173187e+00 8.4708757e+00 
4.0193186e+00 8.4989605e+00 
4.0213184e+00 8.5270491e+00 
4.0233188e+00 8.5551424e+00 
4.0253186e+00 8.5832405e+00 
4.0273185e+00 8.6113415e+00 
4.0293183e+00 8.6394472e+00 
4.0313187e+00 8.6675577e+00 
4.0333185e+00 8.6956711e+00 
4.0353184e+00 8.7237902e+00 
4.0373187e+00 8.7519121e+00 
4.0393186e+00 8.7800379e+00 
4.0413184e+00 8.8081684e+00 
4.0433187e+00 8.8363028e+00 
4.0453186e+00 8.8644409e+00 
4.0473185e+00 8.8925829e+00 
4.0493183e+00 8.9207287e+00 
4.0513186e+00 8.9488783e+00 
4.0533185e+00 8.9770317e+00 
4.0553184e+00 9.0051880e+00 
4.0573187e+00 9.0333490e+00 
4.0593185e+00 9.0615139e+00 
4.0613184e+00 9.0896816e+00 
4.0633187e+00 9.1178532e+00 
4.0653186e+00 9.1460276e+00 
4.0673184e+00 9.1742067e+00 
4.0693183e+00 9.2023878e+00 
4.0713186e+00 9.2305737e+00 
4.0733185e+00 9.2587633e+00 
4.0753183e+00 9.2869549e+00 
4.0773187e+00 9.3151503e+00 
4.0793185e+00 9.3433495e+00 
4.0813184e+00 9.3715515e+00 
4.0833187e+00 9.3997564e+00 
4.0853186e+00 9.4279652e+00 
4.0873184e+00 9.4561777e+00 
4.0893188e+00 9.4843922e+00 
4.0913186e+00 9.5126104e+00 
4.0933185e+00 9.5408316e+00 
4.0953183e+00 9.5690565e+00 
4.0973186e+00 9.5972834e+00 
4.0993185e+00 9.6255140e+00 
4.1013184e+00 9.6537476e+00 
4.1033187e+00 9.6819839e+00 
4.1053185e+00 9.7102232e+00 
4.1073184e+00 9.7384653e+00 
4.1093187e+00 9.7667112e+00 
4.1113186e+00 9.7949600e+00 
4.1133184e+00 9.8232107e+00 
4.1153183e+00 9.8514643e+00 
4.1173186e+00 9.8797216e+00 
4.1193185e+00 9.9079809e+00 
4.1213183e+00 9.9362421e+00 
4.1233187e+00 9.9645071e+00 
4.1253185e+00 9.9927759e+00 
4.1273184e+00 1.0021046e+01 
4.1293187e+00 1.0049318e+01 
4.1313186e+00 1.0077594e+01 
4.1333184e+00 1.0105872e+01 
4.1353188e+00 1.0134153e+01 
4.1373186e+00 1.0162436e+01 
4.1393185e+00 1.0190722e+01 
4.1413183e+00 1.0219011e+01 
4.1433187e+00 1.0247302e+01 
4.1453185e+00 1.0275596e+01 
4.1473184e+00 1.0303891e+01 
4.1493187e+00 1.0332191e+01 
4.1504188e+00 1.0347755e+01 
4.1524186e+00 1.0254483e+01 
4.1544185e+00 1.0159469e+01 
4.1564183e+00 1.0061779e+01 
4.1584187e+00 9.9634809e+00 
4.1604185e+00 9.8636255e+00 
4.1624184e+00 9.7613516e+00 
4.1644187e+00 9.6586008e+00 
4.1664186e+00 9.5544939e+00 
4.1684184e+00 9.4491034e+00 
4.1704187e+00 9.3407564e+00 
4.1724186e+00 9.2330685e+00 
4.1744184e+00 9.1243219e+00 
4.1764183e+00 9.0145979e+00 
4.1784186e+00 8.9039783e+00 
4.1804185e+00 8.7910395e+00 
4.1824183e+00 8.6781712e+00 
4.1844187e+00 8.5644827e+00 
4.1864185e+00 8.4512825e+00 
4.1884184e+00 8.3376379e+00 
4.1904187e+00 8.2229452e+00 
4.1924186e+00 8.1083117e+00 
4.1944184e+00 7.9937696e+00 
4.1964188e+00 7.8794332e+00 
4.1984186e+00 7.7651725e+00 
4.2004185e+00 7.6511030e+00 
4.2024183e+00 7.5373421e+00 
4.2044187e+00 7.4240112e+00 
4.2064185e+00 7.3112350e+00 
4.2084184e+00 7.1991425e+00 
4.2104187e+00 7.0878663e+00 
4.2124186e+00 6.9775419e+00 
4.2144184e+00 6.8683105e+00 
4.2164187e+00 6.7603154e+00 
4.2184186e+00 6.6537056e+00 
4.2204185e+00 6.5486326e+00 
4.2224183e+00 6.4452510e+00 
4.2244186e+00 6.3437204e+00 
4.2264185e+00 6.2442031e+00 
4.2284184e+00 6.1468635e+00 
4.2304187e+00 6.0518694e+00 
4.2324185e+00 5.9593902e+00 
4.2344184e+00 5.8695965e+00 
4.2364187e+00 5.7826600e+00 
4.2384186e+00 5.6987519e+00 
4.2404184e+00 5.6180434e+00 
4.2424188e+00 5.5407014e+00 
4.2444186e+00 5.4668922e+00 
4.2464185e+00 5.3967752e+00 
4.2484183e+00 5.3305058e+00 
4.2504187e+00 5.2682300e+00 
4.2524185e+00 5.2100868e+00 
4.2544184e+00 5.1562023e+00 
4.2564187e+00 5.1066923e+00 
4.2584186e+00 5.0616579e+00 
4.2604184e+00 5.0211859e+00 
4.2624187e+00 4.9853458e+00 
4.2644186e+00 4.9541888e+00 
4.2664185e+00 4.9277477e+00 
4.2684183e+00 4.9060354e+00 
4.2704186e+00 4.8890452e+00 
4.2724185e+00 4.8767490e+00 
4.2744184e+00 4.8690987e+00 
4.2764187e+00 4.8660264e+00 
4.2784185e+00 4.8674440e+00 
4.2804184e+00 4.8732452e+00 
4.2824187e+00 4.8833065e+00 
4.2844186e+00 4.8974886e+00 
4.2864184e+00 4.9156380e+00 
4.2884188e+00 4.9375873e+00 
4.2904186e+00 4.9631586e+00 
4.2924185e+00 4.9921656e+00 
4.2944183e+00 5.0244131e+00 
4.2964187e+00 5.0597014e+00 
4.2984185e+00 5.0978255e+00 
4.3004184e+00 5.1385784e+00 
4.3024187e+00 5.1817522e+00 
4.3044186e+00 5.2271385e+00 
4.3064184e+00 5.2745309e+00 
4.3084188e+00 5.3237238e+00 
4.3104186e+00 5.3745170e+00 
4.3124185e+00 5.4267116e+00 
4.3144183e+00 5.4801145e+00 
4.3164186e+00 5.5345378e+00 
4.3184185e+00 5.5897975e+00 
4.3204184e+00 5.6457181e+00 
4.3224187e+00 5.7021260e+00 
4.3244185e+00 5.7588558e+00 
4.3264184e+00 5.8157492e+00 
4.3284187e+00 5.8726506e+00 
4.3304186e+00 5.9294128e+00 
4.3324184e+00 5.9858942e+00 
4.3344183e+00 6.0419588e+00 
4.3364186e+00 6.0974755e+00 
4.3384185e+00 6.1523194e+00 
4.3404183e+00 6.2063713e+00 
4.3424187e+00 6.2595162e+00 
4.3444185e+00 6.3116450e+00 
4.3464184e+00 6.3626537e+00 
4.3484187e+00 6.4124417e+00 
4.3504186e+00 6.4609146e+00 
4.3524184e+00 6.5079799e+00 
4.3544188e+00 6.5535522e+00 
4.3564186e+00 6.5975480e+00 
4.3584185e+00 6.6398878e+00 
4.3604183e+00 6.6804981e+00 
4.3624187e+00 6.7193060e+00 
4.3644185e+00 6.7562437e+00 
4.3664184e+00 6.7912459e+00 
4.3684187e+00 6.8242517e+00 
4.3704185e+00 6.8552017e+00 
4.3724184e+00 6.8840408e+00 
4.3744187e+00 6.9107161e+00 
4.3764186e+00 6.9351773e+00 
4.3784184e+00 6.9573770e+00 
4.3804183e+00 6.9772701e+00 
4.3824186e+00 6.9948153e+00 
4.3844185e+00 7.0099721e+00 
4.3864183e+00 7.0227027e+00 
4.3884187e+00 7.0329719e+00 
4.3904185e+00 7.0407472e+00 
4.3924184e+00 7.0459962e+00 
4.3944187e+00 7.0486922e+00 
4.3964186e+00 7.0488067e+00 
4.3984184e+00 7.0463152e+00 
4.4004188e+00 7.0411949e+00 
4.4024186e+00 7.0334253e+00 
4.4044185e+00 7.0229869e+00 
4.4064183e+00 7.0098619e+00 
4.4078183e+00 6.9990673e+00 
4.4128184e+00 6.7739410e+00 
4.4178185e+00 6.5488257e+00 
4.4228187e+00 6.3237219e+00 
4.4278183e+00 6.0986314e+00 
4.4328184e+00 5.8735557e+00 
4.4378185e+00 5.6484966e+00 
4.4428186e+00 5.4234562e+00 
4.4478188e+00 5.1984367e+00 
4.4528184e+00 4.9734411e+00 
4.4578185e+00 4.7484732e+00 
4.4628186e+00 4.5235362e+00 
4.4678187e+00 4.2986360e+00 
4.4728184e+00 4.0737772e+00 
4.4778185e+00 3.8489687e+00 
4.4828186e+00 3.6242189e+00 
4.4878187e+00 3.3995399e+00 
4.4928184e+00 3.1749465e+00 
4.4978185e+00 2.9504585e+00 
4.5028186e+00 2.7261016e+00 
4.5078187e+00 2.5019112e+00 
4.5128183e+00 2.2779362e+00 
4.5178185e+00 2.0542479e+00 
4.5228186e+00 1.8309503e+00 
4.5278187e+00 1.6082067e+00 
4.5328183e+00 1.3862844e+00 
4.5378184e+00 1.1656520e+00 
4.5428185e+00 9.4721186e-01 
4.5478187e+00 7.3292631e-01 
4.5528183e+00 5.2787960e-01 
4.5578184e+00 3.4876615e-01 
4.5628185e+00 2.5714585e-01 
4.5678186e+00 3.3483621e-01 
4.5716786e+00 4.6588549e-01 
